34.906399
34.923684
34.945188
34.954895
35.006587
35.015598
35.383665
35.613614
35.973448
36.052050
36.081869
36.169482
36.771021
36.792320
36.825784
36.890296
36.912333
38.023537
38.034719
38.057288
38.102508
38.652682
38.669722
39.174062
39.692493
40.016814
40.340480
40.590172
40.605286
41.431245
41.511199
43.328266
43.346289
43.360461
43.379630
43.459297
43.460772
43.562271
43.627274
43.862794
43.919729
43.950981
44.156682
44.222218
45.461586
46.629519
47.791022
47.828337
48.357663
48.947159
49.332060
49.387110
49.454449
49.479107
49.794253
50.007409
50.591293
51.071795
51.081789
51.428844
51.591619
51.744645
52.434371
52.490527
52.952433
53.058355
53.539922
53.660385
53.674844
54.114386
54.875259
55.056957
55.480852
56.752579
56.794276
56.836301
56.890819
56.899215
56.989409
57.671107
57.821594
57.899950
58.554204
59.206369
59.859476
60.098191
60.226642
60.512379
60.533924
60.535521
60.586107
60.598395
60.614615
60.627026
60.637348
60.710461
61.239009
62.067876
62.092739
62.367621
62.377042
62.397727
62.406738
62.411121
62.429880
62.500413
62.695301
62.703206
62.736179
62.751375
62.853939
62.864753
62.897439
62.938604
62.960968
63.037768
63.242322
63.609160
63.911199
64.160195
64.166666
64.173793
64.933806
65.059594
65.137009
65.353728
65.514496
65.519534
65.541775
65.556316
65.566433
65.570202
65.574748
65.593508
65.599447
65.612677
65.661051
65.691566
65.992008
66.016133
66.052915
66.227036
66.277212
66.564669
66.665431
67.463373
67.902874
68.088463
68.147323
68.420567
68.457964
68.572570
68.884316
68.938220
69.128151
70.045082
70.139699
70.152274
70.247096
70.286991
70.322012
70.634619
70.654116
70.661448
70.672671
70.680494
70.717399
70.755369
70.764339
70.815949
70.818857
70.835896
70.885827
70.891602
70.893937
70.897459
70.967869
71.071252
71.073546
71.083622
71.102218
71.847649
71.888404
71.926702
71.951647
71.974748
73.421332
73.473597
73.533604
73.987973
75.106427
75.112243
75.681178
75.743191
75.858616
76.192317
76.260680
76.288942
76.297134
76.370657
76.416410
76.626985
77.458596
78.069637
78.415135
79.127593
79.177728
79.201853
79.460925
79.654625
79.842714
79.888630
79.923446
81.180508
81.294991
81.322967
81.491517
81.773281
82.240348
83.102392
83.222569
83.231785
83.279831
83.340616
83.837583
84.701020
84.900536
85.094769
85.118771
85.787156
85.808005
85.813084
85.828772
85.850644
85.857485
85.923922
85.955379
86.010716
86.121103
86.124012
86.143263
86.403564
86.473851
86.583542
86.601114
86.611231
86.620488
86.726164
86.764790
87.484252
87.949476
88.528978
88.696955
89.758433
90.011812
90.242417
90.296934
90.759987
90.955489
92.296110
92.356895
92.391465
92.756255
92.863980
93.044163
93.324329
93.425213
94.007460
94.784430
95.391662
95.574180
95.780372
96.031293
97.362944
97.856430
98.144870
98.298716
98.319811
99.269796
99.312558
100.318659
100.634583
100.711055
100.865106
100.898202
101.427855
101.745869
101.779415
101.867151
102.105661
102.852772
103.233004
104.350966
104.465039
104.516403
105.661768
105.742868
105.966674
105.984246
106.010952
106.037248
106.220790
106.222182
106.240778
106.296893
106.310656
106.324582
106.372301
106.410762
106.513981
106.537001
106.552033
106.811433
106.848829
106.870374
106.934313
106.973512
107.113472
107.288740
107.321180
107.356815
108.440371
108.766003
109.186376
109.730570
109.747364
109.753917
109.762642
109.767639
109.783736
109.804667
109.812040
109.867704
109.898793
109.913825
109.943194
109.986324
110.254367
110.368195
110.548992
110.837473
110.871060
110.886830
110.923653
110.944870
110.970348
111.025971
111.034450
111.053865
111.066931
111.119155
111.156756
111.174164
111.184527
111.193211
111.200666
111.246049
111.502541
111.584584
111.732654
112.086303
112.740270
113.199063
113.268859
113.292083
113.318871
113.398538
113.511219
113.557545
113.585316
113.667031
113.885471
114.172068
114.704548
114.756936
115.002737
115.045417
115.204997
115.347333
115.494380
115.566223
115.573023
115.630490
115.669402
115.670835
115.677102
115.702702
115.732480
115.808051
115.827999
115.833201
116.138926
116.164977
116.174725
116.215685
116.277780
116.351713
116.723753
117.113733
117.788344
118.146785
119.166198
119.490191
119.886316
120.778547
122.276905
123.697070
124.202025
124.273091
124.287508
126.186045
126.391378
126.407885
126.416978
126.452490
126.464778
126.480261
126.510817
126.527734
126.532280
126.586388
126.593065
126.693663
127.012291
127.086674
127.118705
127.176581
127.186575
127.228109
127.307039
127.427461
127.560458
129.523384
129.740964
129.859461
129.989755
130.104074
130.218230
130.238218
130.286469
130.684396
132.495196
132.510310
132.631306
132.674068
132.680909
132.696760
132.726989
132.747428
133.023375
133.210972
133.261640
133.309522
133.368259
133.387960
133.447926
133.455094
133.481595
133.593334
133.718548
133.738906
133.740708
133.743534
133.783634
133.805793
133.806653
133.816812
133.914829
133.946614
133.956239
133.973361
133.984584
133.987860
134.064783
134.440837
134.708961
135.165911
135.702118
135.730995
135.773676
135.791288
135.803044
136.244429
136.278221
136.309637
136.404337
136.476754
137.257329
137.351700
137.442632
137.477857
137.492357
137.507676
137.537454
137.969377
137.991619
138.003948
138.524467
138.628096
138.648781
139.251876
139.980882
140.119286
140.230287
140.759941
140.934472
142.348657
142.451753
142.766694
142.974812
144.361144
146.157568
146.685788
146.780406
146.895585
147.232317
147.436503
147.900416
147.905782
147.922821
147.925033
147.931341
147.976847
147.994706
148.008591
148.019323
148.029399
148.033987
148.045701
148.052337
148.060119
148.066304
148.084326
148.139172
148.224041
148.510024
148.609024
148.617052
148.627702
148.996547
149.249925
149.310136
149.369569
149.402132
149.425111
149.905531
150.111027
150.123438
150.321766
150.423142
151.619789
151.768760
152.050360
152.632197
152.642478
152.666972
153.267036
153.307464
153.336259
153.342566
153.390653
153.404252
153.456722
153.785754
153.822085
153.824379
153.868370
153.988465
154.106388
154.286449
154.397860
154.489938
154.501652
154.712269
154.725376
154.752819
154.846290
154.875412
154.937221
155.021844
155.171963
155.556618
156.026020
156.064973
156.514386
156.520448
156.530770
156.569190
156.574065
156.577219
156.739052
156.746301
156.752527
156.760064
156.804096
156.830310
156.940124
157.009388
159.112397
159.178383
159.290450
162.322063
162.358231
162.383094
162.481152
162.669896
163.496550
164.131922
164.917903
166.870139
166.948659
166.974300
167.017472
167.032955
167.720387
167.791780
167.905362
167.950950
168.100372
168.340931
168.916255
168.956232
168.959631
168.964628
168.978473
168.995185
169.062810
169.064325
169.067725
169.100165
169.102991
169.198428
169.256428
169.376358
169.396838
169.547981
169.817047
169.863045
169.976381
170.215178
171.506156
171.633869
171.691868
171.714806
171.748639
171.764285
171.786854
171.943281
172.430172
173.190021
173.239583
174.157742
175.342387
177.290240
177.349059
177.398088
177.963008
178.765005
178.772705
178.781020
178.939535
179.145892
179.329270
179.355607
179.592028
180.083548
180.200694
182.963200
183.009853
183.031644
183.038484
183.063880
183.076618
183.089398
183.328072
184.358011
184.394383
184.437105
184.639652
185.202156
185.231073
185.312379
185.356206
185.430426
185.444721
185.446318
185.725747
185.735414
185.773670
185.792922
185.893765
186.066821
188.512666
188.995461
189.145047
189.171302
189.173678
189.195715
189.223485
189.231227
189.249454
189.264650
189.270467
189.361889
189.634806
189.692396
189.707059
189.839892
189.856973
190.051533
190.559027
190.881464
191.098061
191.103508
191.144837
191.167324
191.186289
191.189811
191.252029
191.377695
191.763333
192.262840
193.202545
193.288397
193.651712
193.651999
195.274383
195.303096
195.323699
195.335004
195.344998
195.392922
195.421921
195.442278
195.485696
195.501015
195.518956
195.524772
195.533660
195.552788
195.597353
195.849380
195.869082
196.051804
197.250335
197.270651
197.407457
197.522637
197.550449
197.591122
197.649654
198.066708
198.805996
199.133635
199.152353
199.205437
199.211540
200.149565
200.375214
200.688927
200.788500
202.229105
202.317496
204.627354
204.658442
204.682158
205.441434
205.577994
205.595484
205.646316
205.817733
205.980836
206.379418
206.924964
207.352750
207.518679
208.179405
208.187064
208.243999
208.251658
208.297943
208.321577
208.333087
208.343532
208.357868
208.904970
208.912056
208.997294
209.100513
209.585070
209.937039
209.954406
209.979884
210.024243
210.735268
210.773484
210.809242
211.343729
211.405373
211.450184
211.531284
211.824435
211.919995
212.484506
213.339177
213.833441
213.857935
213.910979
213.926298
214.003261
214.037012
214.059868
214.303334
215.254999
215.428628
215.465533
215.542047
215.807222
215.912776
216.076698
216.233370
216.303124
217.754010
217.952338
218.049167
218.116751
218.154844
218.185073
218.212721
218.256220
218.489078
218.530284
218.545725
219.048059
219.071119
219.097702
219.125883
219.148165
219.201823
219.287224
219.961754
220.165939
221.623255
221.724099
222.082580
222.877327
222.929510
223.005041
223.012127
223.238267
223.424799
223.459779
223.487140
223.492178
223.498363
223.508972
223.549071
223.612355
223.623660
223.872573
223.975137
224.183419
224.352666
224.790651
224.862372
224.876913
224.899318
224.903373
224.930734
224.933192
226.358231
226.533294
227.300393
227.373957
227.438715
227.510682
227.769876
227.854213
228.000440
229.772780
229.869199
230.489702
230.532710
230.682747
230.939034
230.941532
230.990971
231.200236
234.325606
234.790380
234.932388
234.997965
235.697848
236.170936
237.523313
238.339482
238.772838
238.799217
239.403704
239.864914
239.935857
239.969444
239.993938
240.009953
240.026255
240.062505
240.094863
240.120709
240.128492
240.232038
240.422953
240.671662
240.674324
240.836485
241.283686
241.294623
241.310269
241.348198
241.380311
241.395261
241.431429
241.437123
241.690624
241.708933
241.757389
241.851433
241.889116
242.265702
242.292531
242.297405
242.313626
242.352906
242.378138
242.390876
242.393620
242.406646
242.421432
242.425364
242.469929
242.781594
243.951862
244.642120
245.099315
245.343642
245.917942
246.168330
246.330204
246.401188
246.408684
246.421750
246.621635
248.134246
248.701624
250.141983
250.230538
250.897162
251.612447
251.666227
252.605563
252.633580
252.683837
253.088727
253.250601
254.001725
254.703165
254.777631
254.870733
254.883308
254.885478
255.224259
257.235763
257.848238
258.033992
258.063524
258.465464
260.277248
260.733788
261.091451
261.137572
261.390582
261.615370
261.824635
262.307430
262.950339
263.622656
263.769825
264.562360
264.573174
264.602378
264.621138
264.659722
264.661484
264.667136
264.674591
264.682742
264.692367
264.713503
264.760238
264.826388
264.874516
264.886518
264.924201
264.959345
264.993546
264.999977
265.125724
265.148826
265.153249
265.194619
265.215836
265.227100
265.310986
265.431859
267.152097
267.181588
267.210506
267.299185
267.304755
267.334001
267.633091
267.879875
268.235858
268.500746
269.139313
269.881795
270.144553
270.177280
270.315807
272.609198
273.248010
273.283400
273.439826
273.566679
273.870684
273.946542
274.409718
274.461491
274.508718
274.777088
274.795356
274.857492
275.169526
275.324682
275.525222
275.530793
275.623117
275.648799
275.754762
275.774136
276.867727
277.713592
277.776425
277.938094
277.997978
278.331392
279.557079
283.509268
283.551621
283.558789
283.655455
283.866522
283.923579
285.509181
285.531996
285.551821
285.607158
285.775995
285.956424
286.122435
286.124933
286.788690
286.812652
287.950438
287.987261
288.046981
288.287662
288.746783
288.784343
288.807895
288.817930
288.846479
288.878469
288.897638
288.910254
289.039892
289.116242
289.132257
289.366098
289.386537
289.409229
289.441710
289.515684
289.595269
289.619476
290.092319
290.344468
291.046400
291.064750
291.072205
291.077407
291.845775
292.174275
292.195574
292.207452
292.495196
293.143511
293.272371
293.327708
294.047539
294.212444
294.312509
294.317138
294.507807
294.553068
294.554870
294.561751
294.756516
296.705843
297.895076
298.399498
298.410107
298.804961
298.889339
299.026678
299.460198
299.633828
299.696169
299.810365
299.865211
300.000543
300.186051
300.514714
301.694607
301.927629
302.861722
303.669658
303.738470
303.764357
303.833334
303.877857
303.943188
304.701686
304.827597
304.879043
305.914593
306.370888
307.298755
307.342746
307.372237
307.669606
307.721052
308.321935
308.827873
308.842660
308.875059
308.920893
308.935557
308.994744
309.044347
309.841224
310.182257
310.253650
310.719242
310.876447
311.272653
311.367270
311.606477
311.613768
311.738491
312.531640
312.587919
315.084554
315.786363
315.925176
316.348293
316.384788
316.417597
316.437627
316.920545
316.929679
316.942868
317.289267
317.351731
317.375816
317.377044
317.465027
317.485220
317.504717
317.901332
317.912228
317.995540
318.068040
318.201856
318.224835
318.465884
318.560788
318.761001
318.769521
318.793687
318.830100
318.837965
318.863360
319.202140
319.267840
319.313428
319.393669
319.400755
319.571845
319.992013
320.137093
320.474563
320.558039
320.609608
320.684564
321.557422
321.603420
321.667523
321.724867
321.863557
322.976399
323.015270
323.028500
323.129221
323.167928
323.206513
323.708109
323.732521
323.863060
323.880919
324.067738
324.075479
324.083548
324.145848
324.176077
324.465787
324.516454
324.559790
324.582851
324.614308
324.651909
324.804895
325.077647
325.459436
325.565153
325.585756
325.789204
325.807145
325.886607
325.943501
325.946941
325.973975
325.979095
325.986796
325.991137
325.994701
326.000067
326.018253
326.194668
326.306939
326.578422
326.591857
326.600335
326.834053
326.842450
326.922281
327.026319
327.829914
327.846175
327.880622
328.073830
328.084603
328.188559
328.483021
329.121137
329.751020
329.766052
329.890816
329.942385
329.956311
329.978388
329.991946
330.030039
330.836787
330.856571
331.470520
331.961672
332.269117
332.325233
332.395561
332.601180
332.619121
333.275054
333.804913
333.810319
333.847388
333.871636
333.908173
335.005245
335.578522
335.591670
335.878554
336.248300
336.274924
336.457032
336.499712
336.506921
336.516792
337.187676
337.246003
337.919549
337.947689
337.962762
337.985659
340.141875
340.244275
342.011658
342.056264
342.177587
342.537544
342.547210
342.552986
342.558925
342.568264
342.807183
343.537459
343.615324
343.767040
343.886561
343.951729
344.536842
344.870994
345.241313
345.411256
345.433702
345.698509
345.927434
346.764657
346.993500
347.141079
347.711406
348.342641
348.421038
349.224468
349.271491
349.516390
350.262395
350.453719
352.464036
352.755425
352.880558
352.927334
353.261117
353.388585
353.504911
355.164938
355.187999
355.790438
355.806249
356.201841
356.467139
356.557537
356.558397
356.703560
356.980982
357.457961
357.686231
357.898527
357.937275
357.961318
357.975736
358.559252
359.094723
359.845806
359.872266
359.892869
359.902372
359.913636
360.584110
360.602993
360.614339
360.656445
360.889016
360.926126
360.972943
360.977654
361.511772
361.684951
361.791529
362.471956
363.363615
364.022661
364.246426
365.544980
365.866435
366.056202
366.175560
366.282588
366.297866
366.337966
367.255634
367.279350
367.349064
369.335706
369.539277
369.881825
369.899561
369.923236
369.939374
369.959199
370.047672
370.770739
370.821161
371.438879
371.440517
371.632005
371.725189
372.146381
372.153508
372.208108
372.227072
372.231537
372.275364
372.385423
372.556800
372.778803
372.790723
373.094277
373.240422
373.246321
373.326029
373.647647
373.743206
375.150223
375.418634
375.556014
376.300257
376.605409
376.821064
377.296527
377.526108
377.655951
377.950372
378.124001
378.235740
378.283909
378.767442
379.057275
380.431852
381.474570
383.025603
384.539730
384.834314
385.265541
386.200248
387.300311
388.455547
388.997939
389.285396
389.609390
389.649449
390.638879
390.654075
390.729769
391.016530
391.039263
391.141908
391.558308
391.608197
391.705395
394.105364
394.163323
394.662011
394.673848
394.677084
394.696212
394.870047
394.875822
396.395889
396.413665
396.886753
397.308600
397.368525
397.389619
397.552517
397.691781
399.264440
399.348613
399.529615
399.761121
399.821251
399.835423
400.229663
400.989102
401.008681
401.021010
401.220444
401.237074
401.576714
401.608008
401.616404
401.628365
401.648681
401.658962
401.693532
401.706353
401.744609
401.896407
402.076180
402.091418
402.203034
402.208809
402.497167
402.521211
402.584494
405.062083
405.106360
405.126799
405.680415
406.109594
406.284902
406.306611
406.930473
407.016653
407.450173
408.758149
408.847237
408.872305
410.263224
411.457004
412.262687
412.279603
412.325683
412.339118
412.504064
412.924232
412.947169
412.992102
413.008978
413.044408
413.328998
413.425213
413.456425
413.511229
414.099128
414.162780
414.288568
414.628413
414.757396
415.229297
415.265341
415.277998
415.335342
415.439667
415.540183
416.148357
416.316293
416.394732
416.544072
417.449779
418.584412
418.752184
418.899517
418.906767
418.941665
419.126764
419.348234
419.386532
419.485409
419.618652
420.012483
421.431747
422.525297
423.396598
424.251269
424.333476
424.354857
424.389100
424.815411
426.009313
426.108887
426.574356
426.579804
426.600776
426.625802
426.635018
426.838426
428.622643
428.654674
428.695839
428.804751
429.316874
429.429760
429.522903
429.532242
429.549199
429.630423
429.639844
429.658112
429.927383
430.346404
430.445732
430.600356
430.664253
430.698250
430.740685
431.217500
431.303148
431.311667
431.611822
431.622062
431.631319
431.640371
431.895880
431.942287
431.984722
432.130580
432.648438
432.699269
432.787948
433.422213
433.929912
433.941422
434.062664
434.320179
434.557379
434.588877
434.623037
434.635489
434.702828
434.716754
434.750915
434.778112
434.901484
435.134628
435.229368
435.358597
435.423068
435.663340
435.687014
436.087808
436.159570
436.168458
436.322304
436.411064
438.122537
438.580470
438.636012
438.646292
438.705275
438.777324
438.796861
439.173898
439.192617
439.343677
439.476470
439.793091
440.020500
440.295834
441.271255
445.008978
445.535887
445.726679
445.911859
446.075617
446.826988
447.051489
447.790367
449.078026
449.274429
449.416520
450.806211
451.348644
451.537101
451.542753
452.177347
452.213064
452.965663
453.404631
453.432893
453.448090
453.666079
453.698068
454.034432
454.990070
455.057981
455.424205
455.450132
455.820165
456.258150
456.750612
456.964669
457.945702
458.847805
458.903470
458.949837
459.353989
459.392328
459.434885
459.958518
460.479693
460.560548
460.582380
460.658770
463.145370
463.394898
463.408620
463.897518
463.900508
464.031252
464.191775
464.311050
468.813537
469.132452
469.258650
469.327585
469.503222
469.677752
469.719286
469.743739
470.273311
470.535086
470.567404
470.635192
470.651372
470.664438
470.695076
470.930309
470.949683
471.053681
471.087964
471.609180
471.636296
471.671398
471.685898
471.830241
471.832084
472.074650
472.080916
472.521646
472.535163
472.621056
472.656609
472.905073
473.348751
473.357066
473.370010
473.381437
473.450824
473.460204
473.477120
473.568584
473.799967
473.973801
473.986703
473.994732
474.055598
474.098811
474.135962
474.184622
474.243195
474.276086
474.551460
474.561413
474.827776
476.128051
476.174008
476.307374
476.834243
477.251748
477.301350
477.350093
477.557391
477.711852
478.279598
478.865531
479.176827
479.705170
479.800115
481.080197
481.570939
481.737687
481.777377
482.538332
482.819154
483.477217
483.511788
483.734528
484.332175
484.395008
485.222646
485.238292
485.848596
486.007439
486.110003
486.177915
486.183895
486.201221
486.387302
486.663619
486.716908
487.062446
487.273308
487.322624
487.402045
488.506778
489.053143
489.155953
489.202196
489.433620
489.920471
490.085540
490.340598
490.400768
490.561659
491.649106
491.917353
492.785336
493.552148
495.007212
495.066931
495.090156
495.405015
495.861883
496.065536
496.174121
496.180224
496.368435
497.458708
497.594819
498.884854
500.513505
501.219820
501.358305
501.721866
502.205972
502.303293
503.245046
503.252214
503.256023
503.266222
503.368131
503.376609
503.387873
503.391027
503.400161
503.470203
503.478600
503.559496
503.595295
503.707197
504.237629
504.256881
504.276214
504.863212
506.319790
506.911252
507.181261
507.406500
510.854676
511.552758
511.593923
511.615222
511.722291
512.246374
512.296387
512.971858
513.039852
513.071309
513.076470
513.107845
513.532027
513.772093
513.796833
514.026250
514.046321
514.098340
514.383462
514.598093
514.752594
514.936627
514.991636
515.054019
515.868058
515.882312
515.984138
515.997819
516.028334
516.048978
516.058194
516.085965
516.107878
516.128195
516.254720
516.423352
516.489789
516.710851
516.756603
516.815544
516.849705
516.955546
517.041807
517.197701
517.425562
517.519483
517.618729
517.687091
518.175212
518.182052
518.589112
518.990684
519.028818
519.063306
519.227679
519.306281
519.543316
519.595909
519.712563
520.065393
520.371200
520.676393
520.845476
520.892088
521.071124
521.712108
521.761219
521.797304
521.902490
522.208748
522.259661
522.317414
522.445046
522.455572
522.481377
522.737664
522.767196
522.778051
522.869924
523.099095
523.955978
524.823511
525.071974
525.271163
525.917716
526.027530
526.260142
526.561198
527.984640
528.168305
528.567173
529.050788
529.125048
529.741087
531.679355
532.136428
533.593661
533.715313
533.774377
533.853757
533.968364
533.994332
534.052250
534.082355
534.089892
534.100869
534.111273
534.128558
534.160507
534.179553
534.221005
534.269092
534.401229
534.552986
534.637773
535.348838
536.770806
536.892457
537.343386
537.359114
538.067968
538.255606
538.698916
539.377828
539.387453
539.508040
539.857674
539.885978
539.962450
540.608430
540.664709
540.710011
541.011354
541.170360
541.877494
541.995991
542.053007
542.980014
543.789588
547.028951
547.088835
548.007608
548.272660
548.387717
550.392996
550.446653
550.479954
550.500925
550.526812
550.561382
550.562120
550.576374
550.624788
551.318364
551.629087
553.413304
556.600689
557.522289
557.728113
558.341366
558.594826
559.290982
560.013107
560.021709
560.146104
560.157696
560.239739
562.234614
563.780895
563.799941
563.828040
563.864003
564.005356
564.021412
564.166042
564.190003
564.312474
564.335084
564.382925
564.394271
564.852244
564.895621
565.861868
565.929124
566.695813
567.135642
567.187784
567.245742
567.456563
568.047084
568.957542
568.963072
568.999936
569.062769
569.177948
569.196995
569.259459
569.444475
569.559982
569.744343
569.782477
569.796567
569.810862
569.829253
569.867878
569.887744
569.904620
569.965978
569.983754
570.015457
570.088817
570.252575
570.298900
570.833715
572.335022
572.377907
572.392694
572.400886
572.403220
572.447130
572.450365
572.583281
572.590899
572.610150
572.730245
572.812657
573.191373
573.689569
573.762109
573.830881
574.872453
575.402353
575.588352
576.069100
576.667116
577.058079
577.573437
577.596744
578.246042
578.278236
578.301788
578.362245
578.376909
578.419589
578.445476
578.461041
578.471813
578.718802
578.769142
578.864906
578.942648
578.968781
579.029443
579.064218
579.228385
579.240305
579.260457
580.036772
580.339384
580.428022
580.547543
581.271183
581.454971
581.468815
581.936046
581.987656
582.495314
582.517023
583.415890
584.349491
585.808159
585.946767
586.374963
586.502308
588.606710
588.633825
588.781404
588.869796
589.990543
590.769725
591.696978
591.703286
591.807570
592.012616
592.794419
592.816742
592.823501
592.846684
592.869704
592.939950
593.358602
593.367941
593.558282
593.670062
593.694024
593.706557
593.716961
593.770619
593.932370
594.355282
594.463212
595.166290
595.248538
595.428270
595.433923
595.687055
595.715195
595.741123
596.141834
596.151706
596.196762
596.301455
596.698808
596.733338
596.755251
596.959519
596.970537
597.011866
597.021368
598.205522
598.238249
598.356910
598.389678
598.396600
598.756475
598.821356
599.258604
599.772733
599.879926
600.055276
600.061092
600.413061
600.480809
600.495882
600.520049
600.538890
600.758804
600.778301
601.124905
601.180897
601.221161
601.326592
601.342239
601.358868
601.365176
601.405440
601.472205
601.717187
601.735946
601.752044
601.850266
602.549084
602.686505
602.715095
603.512545
603.889992
604.211855
604.290048
604.573041
604.606792
605.147259
605.510738
605.529907
605.655327
605.727744
605.988782
606.060052
606.090813
606.103880
606.106788
606.273126
606.437663
606.451794
606.471660
606.604575
606.730936
606.992261
607.054029
607.130460
607.263375
608.126648
609.260708
609.266606
609.278771
609.296835
609.298842
609.309123
609.338737
609.345905
609.363313
609.369047
610.230723
610.477220
610.497618
610.775450
610.857656
611.148308
611.167027
611.196887
611.223020
611.580805
612.207493
612.440433
613.652193
613.676155
613.992489
614.052209
614.054011
614.120980
614.196224
614.309724
614.333768
614.411878
614.844785
614.911181
615.231078
615.258890
615.575265
615.586529
615.644406
615.663616
615.679140
615.755530
616.214815
617.093734
617.192980
617.311355
617.434644
617.502925
617.572434
617.592586
619.387249
619.412890
619.424850
619.472364
620.518564
620.685558
620.691538
620.737536
620.756296
620.897649
621.007749
621.067428
621.093069
621.252731
621.360824
621.978583
623.211807
623.738143
624.328745
625.002414
625.375109
625.409229
625.770496
626.141553
626.501059
626.794619
627.071263
627.158221
627.291382
627.485491
628.053811
628.516004
628.728381
628.791009
628.800676
628.856463
689.664328
689.722081
689.764147
690.139709
690.228716
690.398986
690.841027
690.998190
691.027722
692.365885
692.532470
692.981555
693.535048
693.559910
693.730959
693.739397
693.758771
693.814764
693.826314
694.685696
695.189709
695.318856
696.482079
696.540119
696.596972
696.665539
696.725422
696.744550
696.752579
696.772198
696.833106
696.900977
696.922112
697.260319
697.273999
697.281987
697.287311
697.295790
697.313935
697.328968
697.338716
697.360261
697.369149
697.510093
697.578250
697.937961
698.517668
698.595901
698.639114
698.818519
698.889789
699.246510
699.393638
699.565343
699.577795
699.590902
699.658527
699.660534
699.798651
700.299100
700.385649
700.396012
700.474614
701.012869
701.163233
701.973996
702.015570
702.031258
702.086185
702.100849
702.108795
702.567547
703.277957
703.305687
704.195707
704.401244
704.437371
704.727695
705.047880
705.203323
705.222410
705.239204
705.380884
705.624105
705.651712
705.882931
705.952686
706.255258
706.638438
707.124347
707.209789
707.510272
707.580191
707.751690
708.528292
708.699628
708.910080
708.958495
709.434532
710.028943
710.159032
710.173778
710.277530
710.345605
710.669967
710.961889
711.620731
712.484168
712.516936
712.698880
712.776991
713.183683
713.830932
714.721485
714.746266
714.901422
714.969620
715.006157
715.091108
715.566080
715.926815
716.093235
716.117320
716.208947
716.239012
716.440453
716.516393
716.569395
716.582666
717.269484
717.285540
717.417308
717.777551
718.096998
718.153114
718.198866
718.240072
718.250189
718.264648
718.293975
718.344929
718.354555
718.373765
718.397891
718.424228
718.576968
718.906982
719.065088
719.149670
719.157944
719.197471
719.248630
719.286682
719.309947
719.320637
719.358607
719.411405
719.497339
719.519703
719.536988
719.550464
719.680676
719.693373
719.736177
719.743549
719.773901
719.782707
719.784837
719.793684
719.797658
719.833907
719.850783
719.864668
719.868723
719.904891
719.912878
719.917793
719.953428
719.964897
719.988941
720.016138
720.165888
720.205210
720.280003
720.307446
720.330465
720.334275
720.350044
720.360571
720.433766
720.457605
720.553288
720.561562
720.652370
720.673300
720.886989
720.978166
721.061192
721.105224
721.138196
721.204019
721.220198
721.328456
721.362207
721.839800
721.865318
721.951048
722.130207
722.164818
722.739610
722.784707
722.982380
722.995569
723.000115
723.019899
723.356221
723.479183
723.711263
723.727237
723.797320
723.841597
723.865969
723.881083
723.897057
724.179517
724.248044
724.402176
724.943094
724.947968
725.012603
725.076951
725.183365
725.220803
725.390623
725.412987
725.490360
725.541274
725.627167
725.672141
725.930353
726.126551
726.205235
726.246359
726.433382
726.700851
726.993674
727.016735
727.757783
727.847813
727.865917
728.323645
728.590582
728.652104
728.654684
728.663081
728.754831
728.768061
728.836588
728.892498
728.978268
729.442222
729.531720
729.569116
729.725747
729.939067
730.037576
730.044129
730.133832
730.173399
730.187121
730.244178
730.262241
730.276168
730.281902
730.324541
730.330153
730.353828
730.391798
730.447258
730.502185
730.553876
730.718249
730.840801
730.852311
730.854728
730.863698
730.867220
730.880000
730.905477
730.913628
730.941522
730.974577
730.986209
731.045233
731.056701
731.146568
731.153203
731.365949
732.050432
732.810240
732.835348
733.063905
733.068861
733.174333
733.181870
733.302948
733.375570
733.422469
733.487514
733.673964
733.779067
733.934797
733.945037
733.956383
734.164746
734.190428
734.486405
734.610514
735.164293
735.381832
736.499917
736.514990
736.842056
736.988692
738.988237
741.088952
741.101609
742.777446
743.108649
743.131095
743.171195
743.317217
743.369236
743.374479
743.376404
743.731978
744.212521
744.412979
744.443167
744.769004
746.953769
747.178926
747.255890
747.489157
747.644641
747.999232
748.037284
749.200384
749.386424
750.070211
750.161510
750.873068
752.093471
752.905134
752.926679
752.956785
752.990536
753.000243
753.051730
753.100923
753.191281
753.211269
753.231790
753.234412
753.250181
753.272463
753.311785
753.323459
753.458831
753.666171
753.796383
753.820058
753.900667
753.934909
754.063155
754.126602
754.133484
754.149048
754.229658
754.234368
754.290483
754.523791
754.713641
755.066675
755.994788
756.072571
756.340163
756.347167
756.414341
756.461281
756.922122
757.039063
757.719491
757.735055
757.964349
758.116270
758.262047
759.713628
760.305132
760.594801
761.954427
762.182656
762.439762
762.556744
762.573537
762.680812
762.871235
763.182449
763.756380
764.665815
765.314089
765.431276
765.606011
765.624361
767.331041
767.702630
767.834808
767.881175
768.290816
768.900137
770.593137
770.762342
771.394355
771.698770
771.715973
771.716997
771.881042
772.075971
772.341555
772.392059
772.412334
772.593254
772.864041
772.874854
773.806531
773.930721
774.380913
774.449070
775.537500
776.029430
776.052326
776.107172
776.140063
777.041265
777.354322
777.458770
777.485189
777.896550
777.936691
778.395238
778.807091
778.811638
779.775058
780.392120
780.617482
780.668191
781.092864
781.108797
781.152174
781.168148
781.489029
781.533348
781.552189
781.579223
781.597409
781.887242
781.974692
782.019297
782.441062
782.493655
782.503567
782.536991
782.542234
782.596424
782.633452
782.721556
782.743265
782.810767
782.961132
782.994268
783.005000
783.036580
783.403540
783.436145
783.788196
784.072786
784.159416
784.237199
784.272753
784.375890
784.529654
784.572170
784.656835
784.851886
786.265334
786.428314
786.669896
786.694676
786.764349
787.131515
787.323044
787.585679
787.749847
787.879076
788.163707
788.395131
788.748902
789.438177
789.449810
789.573427
789.740052
789.797683
790.177137
790.486876
790.495519
790.722273
791.309681
791.720305
791.798252
791.869686
791.875011
792.100127
792.451400
792.457052
792.813609
792.824914
792.979169
792.993096
794.316636
795.022746
795.220746
795.706368
797.932380
798.091018
798.232084
798.618665
798.677279
799.190057
799.322112
799.658107
799.872696
799.882199
799.890555
799.895060
799.986729
800.012861
800.234373
800.246866
800.302653
800.656097
801.510441
801.741947
801.789460
801.939702
802.047468
803.057787
803.080151
803.104727
803.178168
803.390710
803.513262
803.535749
803.627418
803.641057
803.676897
803.772088
804.409016
804.802847
804.917658
805.196227
805.356667
805.377147
806.573261
808.251638
808.255324
808.284570
808.341504
808.705106
808.877629
809.136005
810.335478
811.156685
811.177861
812.014428
812.062310
813.083361
814.212096
814.321050
814.422917
814.576722
814.680760
815.046164
815.302410
815.987958
816.072335
816.117146
816.368026
816.373023
817.088512
817.128038
817.147658
817.158717
817.167811
817.176166
817.198203
817.251615
817.253704
817.815675
818.702828
818.712740
818.756731
818.783314
818.900623
819.083633
819.123200
819.191685
819.222159
819.262136
819.443098
820.577321
821.296783
821.538243
821.668045
822.401024
822.720389
823.269376
823.318036
823.438008
823.448166
823.461683
823.972454
824.057487
824.388157
824.450867
825.743114
826.361324
826.498949
826.822369
827.845059
827.921654
827.940086
829.901701
830.071071
830.828503
830.859837
830.894735
831.258132
831.905382
832.548086
832.742482
832.779674
832.815718
832.838820
833.115054
833.382646
833.581302
834.314568
834.387845
834.412012
834.626929
834.670100
835.171287
835.180790
835.301786
835.475087
835.602104
835.792527
836.416389
836.561019
836.762092
837.081170
837.737718
838.371287
838.402621
838.592594
838.624993
838.675128
839.165829
839.227433
839.892132
840.246313
840.322662
840.886313
840.954102
840.986337
841.105777
841.216492
841.368453
841.421251
841.925059
842.107249
842.409820
842.520986
842.837197
843.089224
843.178230
843.645092
843.653571
843.725046
843.763753
843.780833
844.254945
844.268708
844.402852
844.468019
844.500869
844.583936
844.733112
844.969697
846.861640
847.190016
847.207383
847.293030
847.702180
848.685629
848.778813
849.001267
849.019372
849.076961
849.089290
849.148314
849.288028
849.940972
850.009457
850.067415
850.123571
850.428764
850.941993
851.144909
851.158262
851.256730
851.562332
852.584038
853.039473
853.254799
853.416346
853.469471
854.003302
854.019400
854.029844
854.054298
854.082191
854.161981
854.265692
855.087596
857.490514
857.587384
857.986171
858.004152
858.370662
859.033518
859.086930
859.169997
859.271700
860.421857
860.637020
860.654100
860.832686
861.015736
861.043589
861.065052
861.162660
861.171876
861.216154
861.292134
861.307372
861.598884
861.832356
862.728643
863.966413
864.155197
864.194355
864.262513
864.300564
864.340460
864.509215
864.689357
864.770785
864.807240
864.851845
864.905748
865.438638
865.976525
866.114150
866.167276
866.260992
866.552300
866.647941
866.888090
867.966976
867.996877
868.038369
868.056719
868.158341
868.181115
868.208026
868.240425
868.438221
868.465705
868.557824
868.648018
868.762173
868.795802
868.841431
869.086577
869.252833
869.382554
869.752709
870.795059
870.868992
870.879969
871.209165
871.350026
871.382139
871.431332
871.463199
871.510057
871.747789
872.547574
872.634286
874.405847
875.075502
875.280876
875.310981
875.433247
875.628503
875.691090
876.473754
876.702433
876.746465
877.520118
877.651886
877.763420
879.264236
879.510118
881.445929
881.477059
881.545585
881.834189
883.452846
883.740303
883.751608
883.942687
884.521329
884.566999
884.649206
885.104927
885.277286
885.339587
885.373583
885.641830
885.893161
886.012191
886.187008
886.875750
886.944563
887.085384
887.623516
887.748895
887.760200
887.892705
888.165908
888.323523
888.944886
889.095946
889.341911
889.740124
890.252370
890.859192
890.929644
891.996078
892.351611
892.454093
892.679987
892.735160
892.751380
892.855460
892.966584
893.091881
893.131817
893.518397
894.432870
894.514586
895.616000
895.625503
895.827354
896.186860
896.746906
896.901202
897.045381
897.066476
897.605673
898.828902
899.617833
899.700285
900.356465
901.002076
901.067284
901.076500
901.360148
901.540741
902.937682
903.352893
903.456686
903.523082
903.998833
904.074650
904.095293
904.375788
904.575427
905.127936
905.315328
905.377464
907.736474
908.343665
909.318390
909.527409
910.376714
910.632837
910.686167
911.363359
912.244122
912.472760
912.513106
912.550789
913.284669
913.362330
913.472184
913.632256
913.888666
914.049802
914.890097
914.993275
916.630692
917.355110
917.418762
917.423596
917.451694
917.530214
917.783552
917.809070
918.073590
918.096282
918.201303
918.485238
918.629458
918.674555
918.692086
919.163290
919.275397
919.297434
919.642194
919.999447
920.073257
920.182170
920.339538
920.347689
920.369889
920.458854
921.220260
921.230254
921.863045
921.895117
921.946358
922.011812
922.072596
922.087956
922.229187
922.368451
923.117240
923.768627
923.862548
923.960361
924.147712
924.168356
924.224676
924.239012
924.305367
924.321382
924.369879
924.418703
924.558787
924.695347
924.840141
924.987515
924.992717
925.087867
925.150372
925.165691
925.702881
925.744824
925.758505
925.980426
926.018396
926.154097
926.248059
926.273659
926.320312
926.374298
926.600192
926.758625
926.912266
926.972641
927.193620
927.210578
927.353324
927.949742
928.289915
928.417178
928.491561
928.513270
928.641556
928.981443
929.175060
929.332142
929.618289
929.733550
930.690048
930.711593
930.785853
930.894889
930.964357
931.390915
931.407708
931.473900
932.292321
932.726088
932.914381
932.985037
933.006787
933.091451
933.544141
934.182298
934.239928
934.792724
935.365222
935.715144
935.730790
935.751311
935.848100
935.902863
935.998341
936.028283
936.401019
936.705434
936.866365
936.885494
936.989696
938.744832
938.821140
938.835804
939.354399
939.415552
939.596759
939.658281
939.670118
939.873649
939.887780
940.019753
940.063949
940.370330
940.798034
940.851855
941.310730
941.421568
941.879091
941.912842
942.142996
942.523146
942.540554
942.576312
942.642258
942.910013
943.335178
943.615058
943.625912
943.721144
943.734743
943.887032
944.707092
944.724460
944.908493
944.951173
945.101906
945.357537
945.380393
945.861140
946.102190
946.456248
946.477916
946.494505
946.568561
946.826691
946.937610
946.969436
947.138437
947.459195
947.743007
948.097311
948.235551
949.064049
949.186232
949.193277
949.309112
949.401805
949.829673
949.849293
949.909545
950.078218
950.331433
950.465372
950.471148
950.519685
950.535946
950.541558
950.590792
950.619750
950.779822
950.815007
951.004406
951.029228
951.622042
951.624786
951.633142
951.659479
951.706214
952.370872
952.625193
952.711004
952.772690
952.855388
952.897413
953.065431
953.278792
953.724723
953.775227
953.810862
953.866813
953.989325
954.148618
954.177782
954.308035
954.347889
954.675732
954.751263
954.801029
954.821059
955.349893
955.445166
955.497267
955.944059
955.977933
956.046295
956.211528
956.576768
956.716687
956.739338
956.792627
956.849562
956.915425
957.048750
957.163192
957.245153
957.263503
958.453268
958.609039
958.622638
958.710129
958.729708
958.749368
958.787830
958.941102
958.947369
959.081267
959.101747
959.106499
959.109530
959.129436
959.139922
959.403950
959.411978
959.492055
960.403005
961.062502
961.324605
961.395180
961.852006
962.330583
963.157156
963.481928
963.641672
963.763364
963.803996
963.819807
963.877028
964.107018
964.126515
964.202250
964.366991
964.417004
964.456776
964.468695
964.919501
964.936909
965.829018
966.706504
966.761923
966.776218
966.826844
967.118356
967.258030
967.270605
967.445217
967.466557
967.613153
967.637811
967.941489
968.040817
968.117699
968.140636
969.354854
969.463972
969.562358
969.638298
969.738281
969.931612
970.149151
970.605240
970.713580
971.422310
971.451146
971.681915
971.829535
971.847885
971.919729
971.933368
972.005335
972.295782
972.325110
972.357427
972.374589
972.400394
972.821791
972.847841
972.857016
972.926689
972.940698
973.119939
973.212180
973.279642
973.345300
974.192271
974.881710
975.051080
975.105516
975.399363
975.601459
975.627919
975.641641
975.687475
975.964897
975.972311
975.994552
976.141312
976.257270
976.274719
976.458056
976.493978
976.522117
976.736584
976.748421
976.959775
977.011220
977.043743
977.394852
977.718231
977.942692
977.991721
978.328699
978.335007
978.350735
978.376376
978.388419
978.428477
978.476974
978.679644
978.716262
978.792284
978.953626
979.011052
979.282862
979.299451
979.350938
979.385836
979.398820
979.499991
979.510067
979.568804
979.968246
980.066468
980.104397
980.118323
980.150600
980.195983
980.646953
981.154652
981.256520
982.263071
982.502400
982.542213
982.652477
982.673039
982.688154
982.788956
983.152476
983.160832
983.238369
983.258030
983.662305
983.855186
984.073421
984.208507
984.308695
985.562481
985.706127
986.023363
986.169917
986.255729
986.281984
986.319135
986.483958
986.608886
986.926858
987.150787
987.273871
987.397284
987.479900
987.593810
989.051576
989.077668
989.190267
989.394043
989.485384
989.490708
989.507748
989.722624
989.778166
989.795533
989.841777
989.888758
989.928407
990.283735
990.445691
990.470226
990.856561
990.948721
991.064228
991.355781
991.451914
991.465718
991.651021
991.665193
991.707750
991.754363
991.764767
991.805317
991.831286
992.051978
992.074506
992.111206
992.189686
992.546816
993.005855
993.040712
993.073603
993.169367
993.199923
993.319076
993.376625
993.467679
993.540915
993.574912
994.065285
994.190172
995.026166
995.505111
995.797402
996.532060
996.649861
996.669604
996.799447
997.080064
997.146624
997.210767
997.665628
998.253322
998.761882
998.923551
999.369974
999.476716
999.770317
999.826268
1000.502804
1000.845353
1000.929362
1000.951030
1001.060516
1001.120809
1001.128428
1001.147105
1001.531965
1001.647309
1001.753395
1002.412851
1002.437673
1002.451436
1002.670367
1002.694492
1002.864394
1002.986209
1003.041260
1003.366277
1003.426816
1003.461059
1003.675320
1004.084101
1004.100526
1004.116378
1004.156641
1004.221686
1004.430459
1004.453765
1004.561531
1004.719841
1005.085327
1005.578813
1005.659054
1006.323425
1006.334116
1006.352302
1006.746173
1007.002665
1007.123210
1007.443681
1007.488246
1007.527322
1007.546737
1007.593308
1007.602524
1007.739740
1007.940485
1008.121528
1008.144712
1009.248010
1009.270497
1009.284956
1009.292247
1009.614643
1009.881047
1009.892434
1009.993277
1010.345943
1010.955633
1010.987131
1011.074335
1011.400745
1011.444572
1011.537961
1011.554017
1011.594527
1012.041810
1012.214088
1012.395991
1012.472955
1012.485980
1012.590961
1012.960952
1013.031813
1013.043159
1013.138145
1013.504123
1013.815665
1013.831311
1013.911552
1014.045164
1014.932685
1015.474422
1016.083784
1016.228823
1016.764621
1017.146286
1017.300173
1017.361490
1017.475645
1017.894011
1017.971057
1018.069074
1018.093691
1018.255442
1018.284728
1018.633708
1019.011277
1019.173192
1019.605524
1019.938079
1020.039332
1020.111380
1020.268421
1020.336456
1021.084262
1021.236716
1021.712220
1022.359347
1022.461420
1022.477681
1022.897684
1022.918820
1023.003443
1023.125135
1023.174615
1023.446139
1023.532687
1023.627100
1024.096707
1024.352297
1024.369500
1024.790446
1025.269596
1025.301381
1025.350246
1025.953055
1025.966612
1026.229658
1026.247844
1026.351432
1026.376622
1026.559836
1026.592276
1026.677350
1026.718761
1026.745262
1027.087974
1027.423969
1028.231373
1028.507402
1028.946657
1029.653463
1030.107054
1030.367846
1031.448412
1031.472169
1031.601725
1031.616430
1031.673610
1031.998259
1032.040243
1032.169185
1032.319672
1032.521482
1032.745861
1033.117491
1033.123308
1033.326879
1033.964544
1034.741391
1034.988790
1035.183677
1035.810693
1036.235817
1036.800205
1036.813394
1037.030195
1037.208822
1037.674988
1037.805814
1037.956506
1038.060913
1039.345910
1039.530312
1040.027525
1040.045056
1040.164618
1040.539730
1040.962642
1041.230397
1041.523835
1041.580933
1042.438144
1042.482094
1042.484961
1042.952356
1043.338732
1043.420201
1043.436544
1043.514778
1043.644129
1043.661660
1044.199752
1044.253491
1044.406436
1044.426465
1044.443628
1044.533576
1045.281055
1045.428224
1045.458125
1045.481636
1045.548728
1045.588378
1045.698519
1045.724611
1045.865759
1046.129336
1046.376448
1046.735749
1046.778470
1046.817505
1046.819840
1046.837043
1047.024108
1047.057326
1047.236239
1047.248732
1047.256392
1047.369277
1047.516406
1047.571210
1047.723663
1048.588780
1048.865300
1049.067520
1049.524797
1049.930711
1049.977037
1050.253476
1050.298491
1050.429071
1050.788946
1051.401544
1051.443077
1051.474944
1051.491656
1051.522376
1051.550515
1051.591434
1051.623178
1051.782881
1051.813519
1051.868324
1051.953316
1052.009636
1052.496568
1053.969203
1054.015283
1054.771487
1054.973501
1055.015240
1055.040102
1055.183626
1055.233720
1055.334236
1055.345705
1055.428403
1055.710863
1055.850373
1056.029696
1056.169492
1056.373105
1056.505569
1056.844186
1057.197998
1058.494628
1058.533294
1059.444163
1060.556800
1062.305915
1062.340403
1062.368010
1063.171072
1063.773757
1064.004157
1064.452465
1064.922317
1065.011200
1065.063465
1065.279160
1065.488548
1065.606922
1065.758925
1065.912197
1066.221199
1066.233815
1066.692608
1066.844529
1067.192934
1067.200717
1067.351736
1067.953930
1067.970683
1068.351652
1068.394455
1068.595323
1068.606054
1068.689326
1069.065912
1069.084180
1069.193503
1069.296640
1069.319373
1069.331087
1069.377208
1069.725491
1069.812818
1070.000620
1070.025605
1070.054072
1070.131896
1070.535148
1070.667940
1070.939423
1071.276483
1071.743508
1071.893463
1072.196977
1072.324936
1072.339845
1072.461210
1072.759726
1072.821985
1072.853320
1072.959693
1072.989143
1073.105183
1073.115791
1073.262715
1073.577943
1073.599406
1073.647657
1073.890263
1073.937818
1074.156831
1074.168668
1074.304983
1074.389770
1074.618368
1074.662892
1074.686689
1074.731868
1074.740101
1074.789335
1074.834309
1074.862039
1074.947154
1075.000566
1075.101041
1075.779092
1075.915694
1076.916265
1076.929044
1076.941373
1077.456855
1078.178120
1078.215639
1078.452797
1078.962258
1078.969917
1079.019602
1079.172014
1079.423959
1079.806812
1080.219771
1080.682168
1080.737874
1080.760852
1080.791777
1081.533112
1081.573786
1081.620972
1081.639567
1081.864520
1082.185810
1082.397286
1083.233649
1084.201656
1084.531261
1084.585124
1084.763464
1084.786934
1085.099418
1085.572260
1086.022615
1086.124974
1086.406246
1086.902641
1087.545139
1087.750144
1087.785697
1087.857500
1087.873147
1088.919962
1089.025761
1089.083884
1089.373102
1089.523139
1089.548001
1089.560699
1089.593426
1089.605222
1089.612308
1089.627955
1089.646305
1089.709834
1089.966694
1090.067169
1090.275901
1090.633114
1090.637046
1090.691318
1090.811863
1090.852782
1091.052298
1091.094036
1091.233956
1091.480822
1091.589612
1092.238746
1092.300964
1092.348764
1092.463452
1092.513628
1092.624097
1092.836844
1092.925194
1093.430518
1093.482373
1093.739356
1093.840282
1093.855519
1094.009160
1094.018294
1094.072975
1094.338970
1094.370386
1094.380052
1094.409175
1094.419825
1094.433546
1094.453944
1094.532260
1094.658621
1094.678364
1094.745416
1094.788792
1095.121756
1095.132119
1095.194214
1095.363297
1095.405568
1095.574118
1095.623352
1095.769498
1095.977533
1096.025088
1096.376402
1096.860590
1096.975811
1096.995635
1097.031967
1097.257083
1097.313567
1097.409659
1097.635471
1097.905111
1098.184827
1099.356733
1099.508982
1099.622523
1099.729142
1099.746550
1099.980841
1099.990999
1100.057149
1100.302868
1100.372214
1100.501443
1100.586189
1100.706611
1101.133906
1101.192438
1101.270344
1101.841531
1101.958226
1101.970391
1101.977313
1102.040556
1102.064026
1102.074757
1102.301102
1102.372659
1102.436229
1102.982881
1103.014011
1103.056855
1103.217664
1103.612396
1103.644221
1103.837921
1104.131318
1104.552346
1104.931389
1104.972800
1105.121567
1105.338900
1105.422336
1105.892925
1106.024079
1106.228347
1107.256812
1107.609887
1107.632620
1108.048036
1108.058194
1108.103045
1108.408607
1108.437893
1108.742349
1108.783759
1108.907377
1108.990894
1109.277368
1109.923594
1109.983969
1110.002360
1110.255247
1110.426747
1110.449644
1110.506783
1110.543892
1111.223788
1111.275315
1111.403274
1111.426662
1111.787602
1112.334172
1112.357437
1112.404705
1112.956027
1113.145631
1114.655990
1115.723940
1116.061532
1116.248064
1116.315197
1116.405637
1116.525609
1116.548874
1117.032325
1117.206528
1117.614981
1117.675315
1118.077256
1118.102077
1119.031788
1119.043256
1119.152660
1119.722496
1120.121651
1120.316989
1120.370196
1120.547226
1120.595313
1121.018634
1121.046036
1121.300849
1123.342213
1123.364741
1123.461816
1123.534520
1123.715645
1123.736207
1123.778642
1124.367729
1124.858225
1125.129544
1125.340733
1125.348557
1125.378253
1125.396767
1125.404017
1125.444157
1125.464924
1125.501215
1125.540332
1125.692826
1125.705114
1125.708227
1125.725921
1125.776753
1125.938954
1125.959434
1126.050857
1126.128394
1126.146089
1126.260163
1126.271181
1126.299116
1126.361498
1126.625812
1126.639575
1126.755205
1126.955336
1126.963651
1126.978806
1127.000269
1127.099802
1127.234970
1127.373906
1127.386440
1127.390945
1127.401349
1127.439319
1127.715144
1127.890330
1128.023777
1128.070226
1128.112087
1128.826511
1128.908554
1128.933089
1129.821676
1130.059325
1130.077839
1130.089677
1130.103931
1130.313523
1130.322002
1130.383606
1130.646200
1130.785300
1131.306926
1131.572879
1131.847229
1131.873198
1132.226273
1132.272108
1132.436234
1132.467323
1132.486820
1132.521308
1132.544410
1132.595569
1132.654510
1132.722217
1133.155942
1133.166510
1134.096507
1134.112727
1134.173266
1134.181130
1134.255227
1134.531871
1134.653563
1134.683300
1134.697554
1134.956544
1134.978335
1135.256740
1135.278367
1135.299666
1135.377326
1135.666872
1135.752970
1135.908946
1135.963054
1136.217293
1136.435364
1136.479314
1136.484434
1136.999137
1137.055621
1137.348813
1137.366180
1137.453793
1137.481851
1137.531331
1137.853972
1137.869988
1138.764472
1138.785772
1138.853519
1139.362406
1139.384893
1139.393413
1139.427000
1139.488399
1139.504251
1139.570360
1139.594322
1139.768607
1139.802849
1139.832545
1139.842662
1139.861299
1140.061839
1140.720108
1140.769710
1141.044224
1141.059420
1141.237555
1141.257544
1141.676196
1141.872435
1141.880381
1142.357443
1142.487695
1142.597837
1142.801531
1143.179059
1143.860920
1144.194785
1144.209449
1144.259256
1144.292884
1144.328274
1144.347075
1144.743649
1144.759665
1144.776294
1144.820982
1144.846500
1145.018245
1145.084436
1145.112125
1145.173361
1145.424732
1145.520374
1145.548718
1145.566454
1146.199859
1146.215301
1146.681672
1146.745774
1146.755482
1147.612447
1147.710956
1147.718042
1147.777024
1148.377948
1148.384010
1148.430950
1148.442214
1148.460728
1149.324411
1149.420339
1149.438607
1149.543014
1149.675192
1149.683671
1149.740687
1149.918085
1149.923328
1150.130012
1150.263542
1150.318715
1150.334525
1150.350172
1150.357586
1150.416937
1150.498120
1150.506844
1150.674739
1150.714143
1150.775501
1150.822932
1150.837473
1151.173345
1151.244329
1151.311503
1151.387034
1151.481405
1151.494308
1151.589212
1151.661425
1151.690179
1151.837184
1151.865569
1151.902147
1151.939953
1152.058163
1152.110674
1152.174326
1152.255263
1152.417464
1152.680428
1152.808346
1152.885309
1152.910008
1152.951624
1152.979026
1152.994017
1153.197302
1153.502740
1153.546445
1153.556193
1153.595965
1153.673503
1153.814077
1153.980006
1153.989018
1154.011177
1154.024694
1154.365645
1154.527437
1154.565693
1154.607800
1154.948096
1155.292897
1155.375964
1155.595960
1155.610132
1155.620618
1155.647529
1155.914342
1156.062700
1156.112671
1156.118774
1156.310917
1156.349215
1156.594074
1156.713431
1156.729815
1157.340078
1157.836022
1157.851955
1157.881242
1157.898363
1157.941903
1157.950546
1158.254469
1158.273106
1158.344212
1158.412165
1158.430310
1158.448374
1158.470164
1158.501868
1158.666445
1158.780436
1159.010263
1159.025828
1159.109550
1159.136748
1159.162593
1159.190651
1159.285514
1159.389143
1159.453368
1159.597138
1159.649567
1159.719404
1159.727432
1159.753523
1159.908106
1160.143585
1160.152883
1160.460124
1160.470159
1160.716739
1160.899092
1160.911872
1160.916992
1161.056297
1161.067233
1161.079644
1161.106186
1161.145467
1161.186918
1161.317048
1161.325650
1161.559163
1161.626624
1161.648046
1162.171720
1162.339656
1162.351821
1162.648125
1162.723942
1162.996736
1163.228078
1163.392369
1163.398349
1163.423949
1163.431895
1163.504189
1163.531305
1164.060426
1164.369551
1164.837765
1165.654794
1165.829325
1165.934961
1166.326907
1166.414356
1167.327805
1167.435407
1167.475917
1168.083599
1168.684237
1168.707297
1169.123901
1169.199350
1169.271030
1169.701970
1170.017772
1170.282537
1170.304410
1170.322391
1170.497044
1170.873139
1171.912991
1171.973448
1171.997614
1172.081705
1172.592804
1172.613734
1173.076378
1173.328200
1173.553684
1174.129213
1174.383411
1174.519931
1175.070925
1175.615775
1176.557036
1176.586486
1177.172910
1177.199165
1177.208996
1177.747743
1177.788539
1177.804349
1177.836749
1177.858867
1177.883853
1177.921085
1178.015621
1178.415309
1178.984366
1179.004887
1179.472609
1180.231188
1180.249702
1180.635873
1180.849603
1181.890888
1181.917102
1182.559314
1182.588846
1184.991560
1185.303839
1185.311990
1185.760133
1185.841644
1186.313994
1186.335949
1187.458949
1187.571507
1188.150026
1188.284989
1188.388741
1188.816404
1188.951040
1189.039022
1189.181317
1189.199053
1189.240791
1189.780562
1190.411387
1190.460334
1190.513746
1190.559252
1190.646579
1190.743818
1190.823444
1191.334011
1191.997235
1192.159437
1192.516076
1192.594555
1192.670618
1192.844206
1192.875950
1193.128837
1193.141412
1193.179382
1193.262326
1193.301443
1193.312379
1193.372754
1193.701417
1193.735045
1193.744712
1193.944023
1193.959342
1194.489242
1194.498990
1194.971259
1195.129446
1195.642880
1196.280422
1196.367299
1196.423660
1196.445819
1197.228155
1197.357138
1197.713613
1197.732413
1197.988946
1198.088765
1198.158766
1198.175314
1198.350172
1198.711480
1199.311831
1199.924593
1200.031416
1200.197591
1200.689439
1202.063360
1202.330132
1202.957353
1203.911352
1204.578755
1204.907786
1205.673820
1206.118195
1206.154240
1206.164152
1206.216540
1206.559007
1206.578954
1206.755123
1207.010304
1207.738614
1207.756677
1208.193925
1208.284365
1208.292803
1208.857887
1210.120151
1210.135142
1210.259784
1210.731684
1210.799104
1211.199816
1211.272929
1211.294106
1211.465400
1211.508244
1211.611628
1211.936850
1212.061860
1212.144353
1212.793528
1212.978340
1213.016760
1213.238231
1213.498696
1213.740442
1214.177444
1214.923203
1215.095439
1215.136072
1215.147991
1215.536865
1215.776358
1215.796552
1215.835996
1215.900959
1216.052470
1216.328294
1216.473170
1216.928850
1217.894318
1218.039276
1218.617917
1218.770084
1219.248660
1220.079698
1220.872192
1221.085266
1221.306409
1221.504328
1221.843026
1221.929820
1222.088786
1222.188319
1222.387466
1222.463734
1222.634086
1223.033201
1223.085588
1223.092511
1223.255695
1223.312425
1223.669391
1224.419697
1224.540242
1224.911954
1225.217311
1225.864274
1225.978348
1226.425672
1226.454548
1228.111708
1228.340101
1229.116375
1229.832602
1229.866516
1230.387241
1230.582907
1230.618255
1231.126610
1231.204188
1231.569183
1232.000983
1232.348570
1232.394609
1232.823501
1233.381335
1233.393050
1233.548820
1233.564221
1233.864581
1233.880351
1233.891983
1234.215076
1234.243256
1234.955100
1235.080765
1235.087688
1235.158753
1235.192791
1235.230228
1235.258982
1235.284664
1235.536814
1235.549020
1235.796828
1235.890299
1235.923149
1236.028867
1236.044636
1236.119306
1236.741693
1236.878705
1236.980326
1237.016289
1237.231698
1237.254840
1237.266104
1237.346427
1237.358428
1237.522883
1237.537178
1237.544673
1237.585469
1237.898609
1238.437478
1238.468526
1238.697124
1238.741279
1238.756475
1238.784287
1238.790554
1238.827336
1238.894674
1239.153213
1239.167877
1239.596401
1239.620362
1239.684137
1239.849288
1240.632812
1241.104056
1241.119457
1241.138708
1241.148662
1241.169879
1241.207112
1241.218417
1241.335357
1241.699738
1241.729147
1241.869230
1242.135716
1242.155336
1242.165207
1242.227794
1242.385695
1242.944184
1242.971423
1243.369554
1243.596636
1244.148081
1244.739092
1244.775301
1244.799017
1244.834816
1245.029335
1245.098271
1245.178388
1245.394944
1245.413540
1245.480919
1245.889905
1245.933732
1246.473134
1246.652539
1246.677647
1246.716846
1246.976655
1247.085486
1247.117844
1247.242363
1248.343163
1248.351027
1248.386744
1249.190789
1249.516257
1250.427945
1250.841477
1250.911805
1250.948956
1250.963292
1251.327549
1251.561390
1251.615949
1251.735142
1251.964887
1252.205814
1252.249559
1252.283802
1252.315218
1252.782981
1252.829143
1252.924170
1253.036974
1253.095301
1253.319434
1253.335327
1253.514977
1253.533655
1254.194831
1254.453494
1255.020093
1255.491502
1255.536558
1255.563264
1256.224236
1256.363500
1257.101844
1257.143747
1257.945211
1257.966838
1258.641326
1258.865091
1259.016888
1259.032822
1259.157545
1259.222057
1260.817244
1260.840796
1260.867338
1260.933038
1260.994519
1261.461217
1261.800694
1261.836493
1261.928079
1262.027858
1262.075740
1262.280745
1262.300692
1263.086961
1263.365325
1263.804334
1264.170598
1264.258376
1264.281231
1264.312852
1265.541816
1265.810104
1265.899766
1266.567086
1266.975908
1266.997084
1267.110461
1267.633644
1267.730801
1267.741778
1267.749847
1267.770204
1267.847086
1267.903242
1268.038779
1268.475453
1268.903526
1270.798746
1271.115489
1271.143752
1271.165747
1271.198925
1271.943782
1272.054907
1272.107172
1272.298086
1272.475648
1273.434399
1273.587548
1273.837978
1274.456269
1274.608927
1274.650624
1274.683392
1274.695229
1274.834084
1275.205755
1276.133007
1276.232376
1276.678267
1276.806676
1276.886467
1277.466829
1278.057308
1278.121411
1278.285046
1278.324122
1278.674657
1280.411771
1280.964895
1281.110548
1281.373512
1281.386455
1281.393705
1281.415209
1281.464607
1281.481441
1281.536696
1281.596334
1281.925612
1281.996104
1282.035753
1283.075850
1283.303260
1283.985613
1284.323410
1284.876943
1284.936745
1284.985283
1285.066711
1285.079572
1285.103657
1285.237514
1285.658665
1285.670625
1285.748285
1287.813530
1287.864852
1287.938949
1289.150218
1289.181839
1289.384223
1290.512998
1290.536837
1290.551378
1290.569851
1291.441807
1291.980677
1292.096225
1292.404941
1292.452250
1294.515036
1295.081677
1295.399936
1295.404564
1295.489065
1295.583396
1295.990907
1297.137050
1297.973125
1297.976074
1298.121400
1298.509210
1298.569339
1298.833326
1299.368632
1299.411517
1299.984998
1300.011827
1300.086743
1300.490158
1300.519444
1301.008138
1302.175334
1302.363341
1304.535859
1304.572191
1304.592425
1305.237709
1305.340641
1305.352110
1305.424364
1305.490964
1305.505505
1305.545933
1305.663816
1305.749135
1306.126664
1306.775552
1307.349279
1307.734262
1307.775795
1307.809915
1308.144108
1308.153324
1308.472893
1308.498944
1309.393101
1309.868564
1311.405261
1313.965711
1314.165842
1314.564055
1314.577039
1315.011953
1315.018998
1315.516826
1317.772411
1318.513254
1318.872269
1319.226614
1319.322911
1319.337206
1319.373169
1319.488471
1319.758725
1320.456479
1320.858542
1321.521766
1321.922068
1321.965486
1322.071327
1322.210140
1322.786202
1323.210179
1323.572675
1323.794227
1324.398920
1324.763791
1324.861317
1325.135012
1325.684081
1326.226391
1326.461911
1326.644593
1327.040471
1328.661381
1329.609728
1330.953216
1331.082936
1331.165757
1331.386040
1331.630080
1331.750871
1331.795026
1331.813499
1331.915244
1332.029604
1333.104476
1333.119140
1333.242839
1333.364736
1333.454602
1334.217605
1334.359900
1334.922117
1335.051264
1335.291331
1335.371121
1335.812506
1335.850435
1336.148869
1336.417812
1336.426701
1337.481626
1337.495183
1337.551790
1337.960243
1338.138296
1339.511521
1341.324698
1341.636116
1342.080901
1370.078290
1370.233037
1370.444759
1370.494730
1370.554532
1370.629816
1370.944594
1370.973962
1370.984407
1371.222794
1371.251958
1371.374060
1371.393802
1371.518198
1371.593687
1372.959212
1372.976374
1373.130301
1373.566689
1373.682074
1373.956506
1374.274355
1374.370079
1374.568612
1374.947123
1375.009382
1375.140659
1376.106824
1376.122020
1376.131441
1376.164536
1376.394568
1376.436838
1376.651264
1377.672684
1378.105917
1378.850816
1378.890383
1378.927165
1379.191316
1379.616236
1379.736248
1380.620042
1380.858716
1380.874117
1380.952965
1380.980736
1381.022269
1381.032428
1381.041521
1381.053194
1381.070643
1381.076951
1381.086413
1381.091041
1381.114593
1381.128397
1381.163336
1381.204869
1381.234319
1381.255291
1381.339832
1381.393039
1381.403116
1381.419049
1381.424988
1381.447148
1381.460214
1381.474263
1381.495030
1381.508137
1381.519401
1381.523333
1381.549097
1381.581169
1381.741937
1381.754020
1381.777940
1381.791826
1381.857403
1381.973975
1382.000353
1382.010634
1382.055281
1382.407619
1382.474383
1382.488310
1382.531932
1382.581576
1382.644818
1382.889595
1382.916997
1382.999532
1383.083786
1383.722762
1383.768105
1384.031969
1384.251064
1384.270111
1384.320328
1384.463688
1384.836751
1385.140183
1385.290138
1385.307177
1385.361285
1385.511526
1385.630228
1385.690112
1385.827492
1386.334085
1386.429645
1386.602824
1387.356119
1387.429724
1389.782180
1389.877617
1390.533386
1390.921277
1390.957773
1391.148564
1391.376138
1391.557591
1392.118170
1392.126812
1392.198574
1392.214712
1392.220733
1392.974397
1392.989594
1393.050051
1393.089577
1393.808835
1394.182554
1394.267341
1394.309939
1394.310390
1395.805184
1395.823657
1395.865354
1396.360438
1396.851794
1396.901765
1396.922900
1397.126636
1397.201633
1398.277612
1398.839747
1398.879887
1399.096893
1399.136010
1399.321272
1400.858419
1401.075302
1404.295250
1404.346163
1404.376760
1404.668805
1405.113958
1405.116088
1406.386708
1407.840829
1408.588800
1409.868513
1409.984061
1410.452562
1410.523587
1411.032678
1411.096658
1411.126477
1411.802563
1411.862569
1411.878339
1412.070195
1412.081582
1412.366746
1412.412211
1412.438630
1413.149860
1413.163418
1413.266186
1413.445100
1413.469020
1413.709332
1413.770977
1414.674309
1414.926582
1415.022961
1415.041270
1415.252378
1415.372923
1415.641866
1416.441733
1416.535491
1417.052447
1417.468559
1417.517015
1417.587507
1417.852723
1418.044621
1419.321917
1419.338506
1419.404575
1419.620721
1419.633828
1419.791237
1421.344686
1421.620838
1423.744573
1424.811991
1424.961167
1425.018225
1425.043046
1425.584456
1425.994383
1426.321613
1426.580562
1426.616402
1426.839511
1427.410043
1430.097797
1430.414377
1430.464143
1430.477660
1430.504530
1430.608200
1430.699622
1430.756557
1431.152722
1431.242670
1431.356580
1434.397000
1434.496492
1434.783130
1435.474289
1435.492598
1436.763464
1436.773622
1436.866028
1436.975718
1437.238559
1438.220493
1438.249124
1438.276403
1438.306550
1438.351852
1438.441267
1438.505042
1438.802985
1439.438193
1440.028426
1440.207380
1440.470508
1441.145201
1441.398252
1441.449083
1442.015601
1442.121073
1442.179891
1442.616566
1442.843771
1443.533169
1443.815997
1443.956572
1444.276675
1444.320379
1445.574042
1446.120489
1446.257459
1446.678036
1446.704046
1446.780969
1447.172096
1447.177462
1447.178691
1448.219648
1450.177004
1450.657464
1450.686874
1450.702889
1450.782761
1450.789192
1450.794230
1451.202560
1451.215340
1451.727995
1451.865743
1451.897446
1452.498166
1452.747612
1453.943480
1455.195832
1455.210291
1455.234785
1455.430410
1455.560458
1456.483656
1457.163674
1457.420534
1458.582856
1458.593219
1458.688942
1458.979430
1458.991350
1459.011011
1460.276388
1460.344873
1460.980982
1461.067162
1461.168579
1461.210685
1461.253120
1461.521367
1461.617254
1461.657108
1464.138629
1464.182784
1464.220426
1464.278589
1464.997151
1465.071084
1465.079439
1465.134449
1465.432351
1465.755116
1465.870459
1466.703462
1466.714644
1466.868326
1466.924155
1466.974904
1467.389420
1467.463967
1468.138373
1468.155863
1468.205343
1468.295905
1468.553298
1468.617523
1469.843538
1469.875282
1470.149100
1470.274437
1470.843576
1472.576635
1472.622633
1472.685179
1472.929833
1473.564385
1473.758700
1473.769718
1473.921556
1474.023547
1474.152612
1474.512200
1474.556436
1474.578145
1474.589860
1474.605711
1475.095593
1475.168788
1475.506381
1477.615493
1478.601523
1479.395000
1479.401800
1479.464223
1479.757660
1479.893524
1480.070144
1480.189542
1480.231567
1480.473477
1480.755282
1480.858911
1481.573745
1484.337848
1484.654428
1485.002015
1486.275461
1487.046902
1487.605187
1488.156754
1488.183542
1489.076675
1489.088635
1489.104568
1489.157038
1489.267630
1490.151096
1490.174444
1490.271273
1491.264225
1491.392471
1492.128727
1492.241859
1492.713923
1493.939814
1494.029476
1494.055199
1494.288671
1495.186473
1495.203840
1495.894221
1496.329257
1496.848998
1497.128878
1497.871811
1498.175734
1498.189128
1498.537165
1498.610852
1500.048794
1500.059976
1500.184904
1500.653650
1500.816302
1501.193257
1501.504881
1502.095401
1504.282296
1504.499261
1505.012244
1505.089249
1505.370972
1505.446420
1506.097603
1507.036201
1510.001992
1510.058435
1510.150922
1510.171484
1510.254756
1510.326600
1511.447880
1511.749550
1512.757699
1512.773796
1513.311232
1513.868943
1517.213164
1517.726679
1518.759322
1519.301673
1521.418281
1521.703035
1521.901076
1522.072535
1522.437980
1522.552545
1522.645279
1522.880881
1522.975867
1523.073188
1523.077120
1523.162030
1523.170140
1523.279421
1524.011868
1524.100792
1524.476559
1525.309932
1525.454848
1525.533450
1526.008463
1526.110249
1526.199624
1526.318858
1526.339215
1526.550323
1526.561137
1526.631711
1526.869443
1527.033119
1527.049462
1527.338557
1527.695114
1528.506900
1528.615567
1528.863007
1529.382011
1529.545728
1531.828306
1533.378724
1533.532774
1533.553746
1534.046659
1534.620058
1535.079342
1535.814492
1535.877693
1536.500982
1536.848937
1536.850821
1536.955843
1537.081958
1537.110712
1537.113948
1537.134182
1537.164452
1537.192755
1537.199063
1537.233224
1537.356472
1537.376051
1537.399276
1537.422746
1537.806746
1537.875231
1538.050949
1538.428396
1538.515436
1538.533130
1539.924173
1539.954278
1540.000072
1540.175954
1540.279583
1540.693852
1540.747756
1540.757832
1540.806943
1540.827505
1541.604352
1541.914378
1541.979955
1542.173655
1542.353592
1543.284163
1543.368458
1544.186143
1544.236974
1544.253317
1544.557281
1545.002435
1545.135596
1545.307750
1545.321144
1545.338552
1545.347031
1545.358541
1545.368330
1545.387500
1545.449554
1545.459835
1545.466143
1545.531556
1545.576038
1546.394952
1547.237212
1547.271987
1547.664548
1547.758100
1547.775795
1548.388106
1548.404367
1548.593807
1548.630303
1548.756173
1548.846735
1548.915302
1549.234053
1549.236470
1549.543424
1550.582006
1552.127795
1552.410214
1555.751854
1555.766190
1555.823206
1555.839713
1555.848028
1555.961324
1557.353349
1557.366006
1558.847939
1558.894756
1558.909583
1558.944440
1561.318400
1561.462784
1561.521930
1561.560965
1561.801196
1562.051953
1562.097910
1562.915799
1562.998661
1563.347599
1567.277097
1567.321866
1568.302408
1570.454651
1571.291587
1572.495688
1572.646994
1573.411430
1573.835735
1573.861908
1573.891441
1573.917532
1573.981184
1574.175498
1574.949724
1575.407985
1575.891395
1577.932308
1578.083901
1578.110894
1578.150830
1578.162053
1578.226565
1578.241065
1578.242294
1578.266173
1578.325565
1578.327900
1578.457580
1578.527334
1578.583081
1579.072020
1579.373281
1579.375657
1579.390116
1579.420672
1579.431567
1579.568169
1580.222505
1580.806513
1580.892201
1581.681869
1583.582126
1583.988122
1583.998689
1584.598426
1584.862249
1585.512817
1585.917583
1586.649088
1586.698240
1587.148104
1587.730924
1589.352858
1590.569206
1590.677258
1590.827704
1590.884516
1592.644403
1592.724480
1592.782725
1595.505787
1597.035397
1597.154796
1597.678387
1597.706158
1597.767025
1597.837025
1597.878395
1598.561157
1600.419594
1600.441713
1600.462889
1601.369088
1601.501880
1601.575813
1603.022029
1603.073638
1603.100426
1604.403159
1604.429619
1604.522353
1604.739973
1605.008507
1605.272576
1605.320417
1606.436495
1606.981919
1608.097505
1609.840968
1610.616996
1610.671596
1610.770145
1610.781737
1611.046543
1611.169300
1612.456714
1613.592289
1613.611049
1613.645251
1613.677199
1613.707674
1613.785170
1614.176256
1615.542026
1615.638979
1615.657943
1615.687762
1615.698452
1615.742935
1615.759688
1616.251699
1616.328049
1616.602644
1616.623411
1616.669368
1617.007452
1618.355773
1619.284664
1619.735142
1620.092805
1620.861379
1620.934287
1621.310177
1621.322752
1621.847941
1622.523904
1622.763602
1622.778225
1623.081902
1624.183726
1624.539750
1624.796037
1625.500672
1626.136863
1626.964910
1627.197153
1627.438858
1627.649638
1627.722793
1627.750318
1628.274156
1628.638904
1628.706202
1628.789309
1628.875981
1629.121700
1629.351485
1630.723113
1631.390474
1632.235725
1632.917586
1633.242358
1634.300928
1634.590966
1634.683494
1634.749645
1635.347456
1635.398205
1635.414917
1635.456614
1635.458990
1635.579331
1638.025953
1638.536888
1638.900326
1639.199990
1639.423222
1639.640105
1639.855596
1639.998054
1640.041595
1642.206700
1642.230620
1642.320241
1642.367181
1642.463846
1643.341537
1643.352596
1643.486085
1643.723530
1643.929682
1644.716032
1644.988826
1645.005128
1645.617848
1645.648200
1645.685760
1645.901128
1646.805197
1646.833295
1646.879375
1646.944870
1647.927132
1648.087450
1648.149258
1650.889400
1651.228385
1652.278272
1652.466115
1652.636959
1653.214659
1654.826803
1654.830449
1654.837699
1654.861496
1654.871368
1657.238897
1658.219110
1658.818150
1659.096474
1659.796603
1659.806966
1659.819131
1659.821179
1659.859149
1659.868774
1659.904573
1659.916739
1659.996815
1660.063171
1660.348948
1660.497633
1661.083771
1661.325885
1661.548626
1661.603103
1663.358280
1664.359956
1664.403333
1664.448143
1664.480092
1664.718889
1664.726835
1664.733389
1664.751329
1664.765420
1664.789381
1664.797696
1664.842056
1664.848978
1664.864829
1664.956826
1665.028260
1665.032929
1665.292739
1665.929871
1666.262589
1668.436746
1668.459356
1668.485939
1669.725348
1669.733048
1669.968568
1670.019441
1670.245540
1670.361416
1672.020214
1672.471101
1672.509522
1672.534753
1672.602214
1672.800174
1673.397412
1674.862674
1674.871316
1674.965975
1675.029791
1676.511519
1678.322770
1678.383882
1678.746501
1679.100027
1679.117148
1679.128166
1679.171256
1679.248548
1679.354798
1679.416279
1679.537029
1679.896207
1680.060948
1681.032561
1681.381663
1681.793065
1682.999296
1683.452559
1683.823534
1684.278477
1684.292076
1684.365025
1684.406886
1686.894510
1687.499530
1687.529062
1687.532790
1687.586120
1687.757169
1687.810580
1688.227185
1688.506327
1689.239306
1689.257574
1689.270354
1689.279980
1689.295094
1689.301115
1689.328722
1689.340109
1689.354772
1689.405399
1689.534915
1689.646490
1690.003169
1690.511933
1690.543882
1690.574520
1690.975150
1691.072471
1692.083978
1693.152010
1693.162742
1693.311099
1694.569431
1694.613053
1694.636851
1694.651515
1694.738555
1695.496520
1695.552307
1696.164577
1696.199393
1696.276521
1696.290243
1696.622387
1696.650240
1697.073766
1697.803018
1698.058854
1698.079949
1698.207048
1698.326692
1699.007447
1699.546890
1699.577610
1699.936051
1700.247593
1700.309647
1700.659446
1701.199094
1701.208228
1701.672264
1701.834015
1701.870920
1702.148833
1702.640640
1703.487898
1703.693271
1703.789486
1703.849452
1703.933624
1704.583905
1704.779162
1704.990269
1706.108436
1706.710016
1707.177738
1707.187651
1707.198341
1707.306926
1708.200591
1708.303237
1708.636119
1708.715172
1708.745155
1708.769526
1709.068452
1709.137224
1709.164544
1709.690921
1714.227814
1714.440888
1714.748948
1714.873262
1715.350323
1715.522724
1715.542016
1715.659858
1715.707781
1715.917578
1715.960340
1716.353802
1716.364001
1716.376986
1716.393574
1716.478648
1716.499292
1717.052539
1717.767209
1718.010634
1718.076211
1719.325082
1720.240538
1720.306074
1723.587994
1725.045883
1725.336453
1725.376225
1726.430822
1726.529331
1726.609736
1727.800402
1729.509499
1729.941340
1729.988567
1730.045583
1730.063442
1730.418115
1730.448794
1732.644413
1732.708762
1732.985528
1733.059256
1734.250004
1735.737958
1735.745249
1736.120279
1736.152146
1736.620810
1737.418998
1739.545068
1740.483953
1740.703990
1740.845875
1741.990543
1742.093517
1742.234419
1742.250435
1742.725571
1743.189893
1743.431352
1744.390226
1744.722207
1744.737198
1744.968581
1744.976486
1744.991560
1746.161828
1746.763162
1746.886328
1747.613204
1747.626844
1747.730719
1747.765617
1748.138148
1748.179640
1748.447887
1748.937073
1748.978688
1748.987740
1749.003551
1749.010555
1749.108654
1749.573018
1750.373253
1750.720061
1750.835937
1751.319224
1752.470815
1752.487322
1752.527094
1752.535900
1752.542536
1752.546673
1752.548680
1752.566743
1752.582185
1752.643256
1752.718582
1753.052365
1753.248563
1753.664553
1753.702810
1753.748234
1755.205550
1755.708498
1755.775427
1755.897774
1755.968799
1758.155162
1758.243922
1758.339482
1758.355292
1758.549443
1758.604820
1758.642176
1759.048950
1760.928440
1760.955638
1761.091543
1761.189519
1761.354711
1761.539604
1761.588675
1761.691607
1761.922662
1762.109440
1762.189763
1762.215076
1762.312397
1762.330419
1764.192092
1764.269916
1764.302848
1764.324024
1767.061012
1767.100498
1767.130440
1769.520620
1769.846907
1770.954547
1770.965770
1770.985431
1771.001364
1771.026391
1771.037245
1771.057603
1771.077509
1771.412972
1771.556004
1771.588526
1771.600568
1771.626291
1771.652383
1771.687035
1772.051866
1772.064522
1772.087378
1772.109537
1772.112445
1772.174459
1772.395151
1772.435333
1772.452741
1772.467487
1772.477972
1772.496650
1772.526469
1772.546417
1772.561900
1772.596593
1772.601426
1772.677652
1772.698706
1772.744622
1772.791194
1772.821709
1772.896215
1772.950446
1773.045883
1773.252362
1773.292995
1773.326500
1773.429678
1773.724262
1773.816463
1773.906616
1773.989765
1774.043955
1774.157087
1774.174085
1774.198047
1774.277755
1774.296187
1774.311547
1774.360207
1774.555341
1774.610924
1774.620180
1774.911980
1774.964859
1775.367864
1775.398134
1775.515402
1775.534285
1775.883428
1776.481280
1777.447240
1778.238300
1778.656870
1778.692096
1778.902876
1778.928517
1778.939167
1778.958213
1778.963415
1778.965340
1779.047834
1779.051602
1779.204915
1779.664323
1782.144573
1782.163046
1782.208758
1782.217646
1782.246154
1782.347735
1782.390538
1783.050568
1783.061463
1783.638999
1783.693476
1783.754957
1783.998996
1784.236851
1784.591237
1784.917811
1784.994406
1785.918300
1785.947832
1786.083410
1786.128548
1786.161807
1788.527739
1789.087990
1790.368973
1790.694072
1791.407882
1793.395671
1793.637335
1793.653965
1793.663099
1793.783071
1793.809121
1793.934868
1794.201027
1794.663997
1795.449528
1796.299694
1796.837990
1798.406390
1798.462546
1799.034143
1799.094682
1801.281372
1801.390858
1803.374387
1804.964659
1805.247980
1806.693622
1806.917304
1806.943887
1806.957609
1807.255962
1807.323791
1807.842017
1808.178790
1808.446259
1808.464118
1808.504668
1810.406277
1810.914304
1811.132948
1811.320791
1811.322143
1812.299366
1814.621184
1814.633554
1814.884393
1815.319388
1815.897252
1815.911793
1816.322949
1816.514396
1816.662753
1816.835564
1816.935629
1817.180324
1817.191629
1817.233613
1817.264046
1817.300910
1817.341256
1818.302464
1818.803159
1818.816594
1819.869389
1820.440781
1820.835471
1820.899000
1821.025362
1821.473096
1822.315602
1822.514749
1824.900219
1824.938353
1825.650647
1825.714872
1826.199839
1826.514534
1826.551030
1827.053363
1827.290071
1828.200038
1830.010388
1830.914744
1831.161897
1831.229276
1831.359324
1831.572357
1831.670989
1831.737385
1831.991009
1832.167752
1832.227308
1832.368579
1832.385905
1832.618435
1832.706294
1832.748974
1832.826102
1833.110405
1833.199288
1833.326264
1835.387658
1835.446559
1836.950118
1838.021755
1838.354555
1838.389248
1838.422344
1838.872453
1839.142052
1839.351808
1839.383552
1839.423734
1839.608504
1839.704433
1839.787868
1839.883428
1839.944131
1841.274757
1843.569869
1843.609723
1843.634504
1843.703603
1843.829760
1845.377393
1847.113196
1848.138138
1848.227840
1848.269292
1848.296612
1848.320614
1848.409047
1849.325199
1849.344287
1849.387745
1849.397617
1849.432351
1849.446605
1849.566700
1849.615974
1850.433495
1850.555105
1850.988749
1851.526390
1851.539210
1851.548877
1851.563704
1851.582628
1851.648451
1851.678802
1851.705180
1851.713085
1851.723121
1851.731927
1851.767153
1852.032492
1852.054651
1852.073861
1852.109988
1852.196291
1852.212142
1852.260680
1852.280750
1852.450816
1852.540477
1852.550144
1852.615107
1852.711895
1853.053501
1853.112975
1853.133414
1853.193830
1853.248307
1853.249987
1853.276242
1853.299057
1853.560340
1853.601833
1853.654221
1853.726638
1853.760881
1854.367539
1854.615101
1854.641439
1854.656225
1854.683013
1854.717624
1854.737367
1854.777262
1854.881096
1855.113544
1855.129887
1855.236915
1855.354634
1855.429714
1855.556403
1855.677522
1856.111329
1856.159293
1856.196198
1856.244326
1856.642458
1856.668508
1857.100227
1857.860526
1858.489836
1858.540995
1858.566062
1858.822676
1858.867937
1858.879037
1858.899558
1858.928845
1859.028132
1859.728015
1859.790971
1859.884769
1860.077486
1860.228301
1860.509778
1860.999045
1861.036892
1861.055242
1861.111030
1861.112873
1861.155185
1861.808333
1861.961277
1862.001951
1862.065889
1864.320492
1864.469053
1864.535777
1864.579645
1864.613847
1865.776415
1865.813033
1865.846538
1866.296197
1867.641446
1869.080986
1869.692518
1869.893673
1870.288896
1871.653519
1871.665234
1871.754650
1871.818998
1872.264684
1872.326410
1873.853932
1874.164326
1874.165187
1874.524611
1874.619392
1875.219333
1875.233178
1875.253330
1875.274465
1875.275489
1875.297649
1875.339469
1875.379814
1875.518792
1875.581870
1875.775037
1875.823698
1875.842458
1877.124301
1878.090260
1878.284206
1878.341304
1878.399222
1878.554583
1878.719734
1878.766141
1879.221453
1880.875049
1881.830605
1881.870254
1884.747366
1885.257933
1886.215045
1886.246666
1886.712300
1886.778491
1886.796718
1887.132754
1887.724216
1888.227410
1888.880353
1889.154990
1889.622712
1890.190541
1890.224169
1890.876129
1890.938061
1892.921958
1893.103616
1894.058639
1894.971638
1895.103201
1895.116554
1895.445463
1895.543767
1896.672584
1896.824422
1896.892252
1896.921088
1897.010422
1897.222881
1897.314386
1897.977528
1899.241062
1900.072428
1900.118508
1900.138906
1900.767683
1900.820275
1900.861153
1900.929434
1900.965847
1901.016596
1901.190185
1901.212180
1901.821911
1903.221719
1903.264768
1903.327150
1903.414354
1903.609446
1906.230149
1906.853560
1906.855240
1906.913239
1907.422413
1911.683973
1914.045194
1916.282798
1916.687811
1916.861317
1917.540311
1917.862994
1918.067180
1918.297907
1918.683832
1919.445647
1920.194765
1920.662897
1921.785815
1922.486149
1922.565325
1922.720850
1922.895258
1923.600998
1926.685123
1927.757414
1927.776625
1927.830610
1927.981670
1928.676925
1928.718213
1928.802263
1928.875663
1930.039132
1931.661312
1932.298404
1932.372009
1933.380895
1934.155039
1934.173348
1934.995251
1935.381176
1935.684526
1935.712379
1936.220897
1936.652165
1937.018266
1937.845166
1937.967063
1938.018796
1938.290156
1938.394071
1939.349545
1939.372810
1940.281795
1940.779581
1941.230141
1941.240422
1942.141256
1943.093494
1943.095501
1943.108772
1943.167386
1943.211540
1943.411876
1943.612457
1943.635395
1943.742382
1943.757537
1945.377096
1945.412936
1946.136289
1947.190067
