34.915533
34.962104
35.979837
36.160553
36.406395
36.414382
36.417987
36.449485
36.575273
36.741161
36.901274
37.140562
37.479055
37.541724
37.790597
38.179635
38.487368
38.544753
38.562079
38.634906
38.686433
38.752870
39.071375
39.168532
39.274742
39.817667
39.890616
40.214938
40.417649
40.479580
40.506900
40.517878
40.562770
40.685036
40.895160
40.954184
41.021932
41.029632
41.119990
41.146573
41.175613
41.200476
41.225953
41.277809
41.362227
41.405317
41.665413
41.758310
41.763553
41.941361
42.032374
42.078781
42.083901
42.208256
42.232750
42.248479
42.249994
42.324173
42.362880
42.454958
42.469417
42.815857
42.871153
42.931528
42.939515
42.943734
42.952909
42.965565
42.988749
43.018527
43.056046
43.086275
43.154104
43.258020
43.266089
43.554284
43.671429
43.773174
43.896668
44.145828
44.313764
44.388352
44.424847
44.482519
44.494643
45.033800
45.486080
45.759529
45.917061
46.077542
46.094459
46.103142
46.126039
46.131937
46.238966
46.368645
46.434140
46.444749
46.451425
46.467318
46.534164
46.612111
47.081226
47.113830
47.121203
47.129641
47.144919
47.290778
47.305400
47.346033
47.355740
47.405056
47.460639
47.494226
47.727821
47.875523
47.995535
48.785531
48.794337
48.856637
48.857088
48.886374
48.921723
48.940114
49.321206
49.321656
49.508721
49.596006
49.644954
49.698570
49.763656
49.816863
49.819566
49.860608
50.159534
50.186772
50.217165
50.241249
50.286428
50.330092
50.395996
50.547548
50.548408
50.699510
50.848072
50.944942
50.994627
51.045007
51.355279
51.738993
52.092477
52.132004
52.273889
52.441907
52.466565
52.523418
52.557373
52.579901
52.589568
52.693729
52.761149
52.816404
53.170504
53.294612
53.466112
53.947105
54.081987
54.409830
54.427689
54.446285
54.520422
55.445832
55.519437
55.593697
55.595459
56.139407
56.243814
56.288666
56.328643
56.705802
57.079194
57.106227
57.114829
57.306440
57.511076
57.852477
58.054205
58.841047
58.972529
59.053916
59.522990
59.620803
59.668070
60.064113
60.489564
60.853576
61.183263
61.321503
61.391380
61.515448
61.663478
61.729137
62.053417
62.125875
62.244905
62.803681
62.862664
63.246131
63.857787
64.104653
64.324485
64.512123
64.594289
65.032192
65.084334
65.479229
65.600061
65.912750
65.919345
66.275860
66.585518
66.610504
67.007857
67.680174
67.744809
67.964477
68.277903
68.376044
68.905902
68.994703
69.033943
69.462508
69.932728
70.259630
70.419456
71.012393
71.606804
71.670620
71.724646
72.824914
73.167585
73.290056
73.367839
76.089999
76.128010
77.173473
77.507871
77.791355
77.822484
77.863608
77.980795
78.428201
79.062794
80.367903
80.788890
80.948716
81.268244
81.729372
82.152940
82.198077
82.293760
82.491433
82.961981
83.126723
83.402875
83.890463
83.984220
85.351793
85.775073
85.851668
86.291128
86.602301
87.365181
87.673815
88.111350
88.428503
88.440340
88.470405
88.487158
88.540529
89.834127
90.143252
90.180280
90.302013
90.632970
90.832650
91.059364
92.318515
92.750397
93.691945
93.702103
93.844111
93.976084
94.088765
94.286070
94.520730
94.638653
94.684979
96.073728
96.943432
97.336402
97.539973
97.615380
97.860280
98.101494
98.756690
99.741573
99.840942
101.575557
101.747712
101.762253
101.881692
102.146826
102.869729
103.490437
103.631667
103.745741
104.355267
104.535818
104.814060
105.110446
105.475236
105.617531
105.645998
105.655869
105.687368
105.691423
105.982771
106.250609
106.330604
106.351206
106.763756
106.812375
106.847928
106.894828
106.905928
107.247534
107.889459
108.297052
108.464783
109.374915
109.681910
109.753672
110.136771
110.554644
110.665646
111.216845
111.276769
112.038216
112.644137
112.997458
113.114194
113.887437
114.044846
114.139464
114.662564
115.036242
115.110502
115.126149
115.198976
115.556270
115.947930
116.046561
116.121272
116.133683
116.300104
116.604559
117.270446
117.478236
118.130319
118.401802
119.283139
119.852319
120.640471
120.786166
121.162465
121.194947
121.240945
121.746391
121.856737
121.915023
121.985024
122.168115
122.294395
122.747576
122.896343
122.910065
123.040522
123.437466
123.522744
123.623383
123.922637
124.035031
124.268872
124.657992
125.155410
125.173064
125.354967
125.391176
125.939220
125.993083
126.153892
126.191329
126.236713
126.737859
126.856684
126.879621
126.964163
127.021261
127.465021
127.509668
128.040878
128.177439
128.609853
128.613335
128.805192
129.020314
129.582449
129.626931
130.066022
130.640282
131.258409
133.236777
133.481267
133.704131
133.823447
134.224855
134.379028
134.927032
135.435837
135.962747
136.162632
136.671437
136.737669
136.775311
136.928707
137.734349
139.097129
141.455770
141.608305
141.913211
142.892073
143.317975
144.266486
145.602642
146.128323
146.135409
146.172805
146.194760
146.644582
147.025920
147.065119
147.077243
147.172803
147.220070
147.233587
147.465503
147.539026
147.585065
149.146051
149.542257
149.787238
150.140641
150.248817
150.338150
150.418022
150.527222
150.616474
150.824960
150.910239
151.007191
151.088660
151.495762
152.305500
153.243976
153.607045
155.954668
156.488909
156.628582
156.841492
157.188055
159.530926
159.541658
159.736259
159.738348
159.804375
159.905300
160.196321
160.401859
160.574956
161.533501
162.619965
163.416596
163.476029
163.688325
164.110787
164.149166
164.215480
164.293181
164.340777
164.428145
164.582277
164.753572
165.128028
165.291459
165.382840
165.553971
165.634580
165.674066
165.724324
165.765489
165.814559
165.855683
166.202040
166.702367
166.809149
166.959718
168.070144
168.552694
168.656568
168.764252
169.342976
169.728123
170.371973
170.727997
170.983629
172.283003
172.289966
172.494889
173.771571
174.098391
174.485586
174.569800
174.730977
175.589007
177.294541
177.353646
177.470833
177.628611
177.633198
177.727283
178.110915
178.489795
178.842624
178.974433
179.035054
179.103867
179.965542
180.494090
181.142446
181.186191
181.646459
181.663539
182.146499
182.221128
182.808740
182.827868
182.980936
183.809761
184.332984
185.728492
186.659226
186.768916
187.781325
187.907645
187.909898
187.971133
188.215214
188.269773
188.840755
188.932301
188.951757
188.988088
189.164216
189.316628
189.408256
189.520445
189.659259
189.797048
190.319493
191.035843
191.145656
191.645737
191.789220
191.938355
192.165028
192.253829
193.616773
194.211267
194.826691
196.094239
196.347658
196.498309
198.079447
198.174106
198.604636
198.802514
199.010877
199.160955
199.351665
199.410442
199.520748
199.722639
199.867761
200.025784
201.891021
204.605112
205.954867
206.701978
207.156224
207.408906
207.426724
207.690670
207.717089
207.868396
207.910420
207.962071
208.167895
208.384205
208.524616
208.543171
208.588964
208.934707
209.251697
209.340375
209.445601
209.519411
209.543823
209.596334
209.724170
209.734902
209.794212
209.845453
209.941299
210.329436
210.385306
210.854748
210.969723
211.414221
211.563848
211.977830
212.149084
212.323328
212.913480
212.951368
213.018132
213.180416
213.219287
213.308252
214.937272
216.343101
216.359322
216.445051
217.231770
217.511158
217.909862
217.957663
218.199654
218.330235
218.456719
218.490348
218.543350
218.562519
218.606551
218.692157
218.757898
218.762732
218.899743
218.988831
218.999357
219.445125
219.669299
219.692646
219.956920
219.959009
220.068946
220.075049
220.222833
220.496568
220.560015
220.669706
220.672819
220.875530
220.952125
220.979569
221.082501
221.386957
221.443195
221.545431
221.746422
221.845873
221.893960
221.896008
221.975306
222.040965
222.111867
222.385316
222.527037
222.790369
223.095808
223.144591
223.937126
224.122388
224.595763
224.609321
224.898089
225.097441
225.239982
225.711063
225.903288
225.977590
226.107433
226.916352
228.444447
229.772370
229.808333
230.035497
230.056837
230.122947
230.240584
230.284452
230.378783
230.439649
230.516163
230.618153
230.672589
230.694666
230.767043
230.778511
230.955090
231.070024
231.316521
231.396065
231.436657
231.680655
231.936860
232.057938
232.600412
232.965775
233.022259
233.030820
233.310454
233.487688
233.581036
233.691914
234.146488
234.473923
234.743849
235.396014
235.560960
235.749048
236.018524
236.111503
237.312573
238.687601
238.838579
239.687926
239.751741
239.762350
240.031048
240.231383
240.310723
240.441999
240.609034
240.703980
240.746619
240.939418
240.950313
241.011180
241.089208
241.170391
241.263411
241.271890
241.303593
242.079089
242.110874
242.219540
242.444861
242.470871
242.580767
242.643395
242.680791
243.039683
243.069583
243.208847
243.210895
243.243131
243.602145
243.757302
243.835208
243.882230
244.190781
244.331848
244.374528
244.460544
244.580844
244.597309
245.084160
245.385789
245.503222
245.629829
245.794898
245.963899
246.334177
246.380380
246.587965
246.826107
247.003873
247.327867
247.632896
248.107008
249.188721
249.683886
250.138296
250.319585
250.469499
250.555679
250.620273
251.112571
251.178803
251.378893
251.877949
252.022538
252.106670
253.703291
253.897646
254.062469
255.240274
255.375892
255.972311
256.483205
256.496722
256.515072
256.705536
256.748134
256.827105
256.888463
257.059389
257.317233
258.882888
259.246817
259.313664
260.201062
260.406845
260.799611
261.305180
261.669560
261.730140
261.810094
262.034145
262.083502
262.202737
262.433669
262.499656
262.567485
263.399137
263.540654
264.086405
264.146616
264.845967
265.001370
265.142190
265.589391
266.013860
266.306847
266.324378
266.660577
267.022131
267.263099
267.373855
267.482317
267.510620
267.970888
268.737331
268.829082
269.270917
269.523886
270.304952
270.409155
270.573281
270.732370
270.781768
270.956749
271.015690
271.264154
271.405629
271.561236
272.986399
273.061929
273.119764
273.586749
273.738670
273.758495
273.852744
274.010317
274.695332
274.831770
275.280691
275.511296
275.516908
278.464061
278.618317
278.788219
280.291123
280.387994
281.053020
281.219604
281.222840
281.291203
281.695601
281.877504
281.890447
282.672251
282.969498
283.046707
283.073987
283.370168
284.616294
285.539615
285.896622
286.653727
286.765097
286.832230
287.383675
287.538668
287.561359
288.233964
288.341074
288.422011
288.474235
288.484270
288.513556
288.657203
289.192673
289.612308
289.672684
289.728102
289.808261
289.984225
290.009989
290.146427
290.241454
290.606244
290.664694
290.731622
290.826363
291.076506
291.256279
291.387884
292.079247
292.568637
293.967790
294.142444
294.842122
295.823196
295.903601
296.004198
296.265400
296.529879
297.389752
297.760195
298.248684
298.415268
298.896179
299.204485
299.353702
299.462042
299.654513
299.911578
301.220454
302.426481
305.009705
305.309819
305.380966
305.412424
305.848156
305.851064
306.455593
307.008225
307.016868
307.179438
308.082934
308.779868
308.831437
309.809193
309.858550
310.559867
310.731121
310.842532
311.387341
311.877960
312.268882
312.646001
312.939561
313.667338
313.792676
313.914040
313.965773
314.110566
314.630021
314.682614
314.985595
315.083284
315.310572
315.552481
316.163645
316.165366
316.177326
316.201001
316.204892
316.224512
316.255478
316.274565
316.289270
316.302664
316.361605
316.438282
316.594422
316.732170
316.921897
317.206528
317.224346
317.230572
317.237740
317.293568
317.454295
317.724180
317.741384
317.912596
318.051860
318.141522
318.178345
318.259282
318.398587
318.646518
318.727496
319.205745
319.226675
319.260508
319.350170
319.448801
319.614689
319.629107
320.017736
320.294420
320.815391
321.654333
321.711268
322.342257
322.414346
323.578061
324.537631
325.119795
325.149450
325.283840
325.327872
325.339709
325.394678
325.780234
325.962056
326.031073
326.110781
326.306447
326.425231
326.615941
326.658867
326.755492
326.941286
327.470080
327.495680
327.547986
327.770481
328.162755
328.187167
328.315945
328.347484
328.549212
328.565309
328.846131
328.896512
328.902205
329.022628
329.032540
329.047163
329.345925
329.404334
329.488179
329.624822
329.827942
329.874719
330.421453
330.779034
331.152097
331.221484
331.373568
331.402977
331.575869
331.725578
331.796275
331.868938
331.938939
332.177121
332.282266
332.325396
332.399002
332.404531
332.651151
333.174620
333.242450
333.283287
333.343662
333.442253
333.584343
333.645005
333.702431
334.147052
334.419681
334.435533
334.852792
335.554232
335.786271
336.990126
337.712046
337.777828
337.787699
337.933599
337.949164
338.007900
338.206966
338.415124
338.522563
338.829189
339.360850
339.390136
339.397509
339.459686
339.540582
339.584123
339.734938
339.775242
339.816038
340.221379
340.494090
340.638925
340.644700
341.747671
341.931500
342.195446
342.300713
342.468116
342.769992
343.553556
343.865057
344.102052
344.107991
344.139612
344.192287
344.198963
344.220058
344.241930
344.580465
344.999485
346.143949
346.151117
346.186711
346.278052
346.609377
346.620969
346.639688
346.669629
346.678231
346.709565
347.356324
347.372012
347.412111
347.740979
347.914199
347.991204
348.088320
348.297216
348.369592
348.392776
348.396380
348.459172
348.804014
348.809011
348.811878
348.926484
348.971131
349.330145
349.371843
349.413130
349.497958
349.561692
349.837517
350.698742
351.011635
351.256084
351.389532
352.447406
352.456909
352.528876
353.358930
353.421189
353.508803
353.547756
353.732198
354.177434
354.239488
354.326938
354.464481
354.561884
354.942935
354.945966
354.958828
355.209421
355.226051
355.265126
355.296420
355.527148
355.661619
355.678167
355.750339
355.752305
356.120003
356.332503
356.391404
356.463903
356.476068
356.502897
356.526694
356.571341
356.607549
356.627210
356.649943
356.751933
356.812964
356.856996
356.899717
356.935434
356.948091
357.054669
357.225882
357.304525
357.503795
357.536399
357.616558
357.651948
357.772739
357.817508
358.505636
358.802555
358.819267
358.838231
358.913065
358.940221
358.965371
359.026196
359.079035
359.093248
359.187087
359.293911
359.333192
359.681311
359.841956
360.080794
360.579441
360.614748
360.622899
360.665211
360.682906
360.696340
360.792023
360.855470
360.914084
360.950661
360.997274
361.013125
361.099018
361.226568
361.477898
361.544786
361.585377
361.610977
361.686671
362.029056
362.106348
362.356204
362.499031
362.530161
362.533560
363.304182
363.376558
363.629896
363.661804
363.674255
364.059935
364.109169
364.642632
364.845793
364.965519
364.996485
365.057556
365.082788
365.214106
365.340590
365.368525
365.378847
365.474898
365.508485
365.519299
366.442824
366.532239
366.988575
367.182725
367.319450
367.504056
367.595356
367.644099
367.679652
367.694643
367.875686
368.004628
368.071188
368.109486
368.441795
368.542597
368.626033
368.707420
368.744079
368.808305
368.908657
368.972964
369.444741
369.495245
369.547059
369.681326
370.097439
370.486682
370.495611
370.666578
371.065897
371.143188
371.233423
371.342664
371.395666
371.422495
371.430236
371.747021
371.776225
371.791380
371.808870
371.848151
371.851264
371.992044
372.130202
372.690739
372.729610
372.763894
373.033779
373.088584
373.192172
373.218877
373.239071
373.499126
373.555364
373.583749
373.611725
373.653914
373.727437
373.950792
373.981676
374.005432
374.057083
374.068716
374.175375
374.209044
374.223012
374.316237
374.568755
374.699459
374.863053
375.097795
375.272899
375.334175
375.394140
375.541268
375.631462
375.651041
375.872799
375.904215
375.912120
375.932273
375.982572
376.013742
376.026972
376.176067
376.384102
376.422687
376.603689
376.653906
376.680899
376.690811
376.810455
376.904827
376.924283
376.930263
376.933827
376.987689
377.026191
377.194168
377.234350
377.676718
377.831178
377.896673
377.988260
378.034954
378.122895
378.164920
378.337812
378.407772
378.443940
378.521928
378.593403
378.658161
378.716242
378.808197
378.836255
378.894541
379.029791
379.348296
379.415511
379.476460
379.670938
379.792957
379.815608
379.824374
379.889500
380.181340
380.199404
380.246467
380.294513
380.326339
380.409324
380.425462
380.478628
380.569436
380.576031
380.577055
380.758221
380.794675
380.857180
380.930007
380.950446
380.953436
381.012705
381.025321
381.151805
381.390684
381.585900
381.662413
381.698785
381.758628
381.760594
381.813760
381.877412
381.902193
381.966008
381.998776
382.050058
382.160323
382.169047
382.173184
382.335918
382.420460
382.441267
382.496850
382.507581
382.623212
382.641766
382.814044
382.838497
382.896415
382.938235
382.985298
383.120957
383.170806
383.218319
383.273861
383.323996
383.562875
383.570657
383.594988
383.721636
384.002171
384.094249
384.203366
384.331162
384.426516
384.542556
384.687882
384.779715
384.866755
384.952074
384.986726
385.138442
385.211105
385.530552
385.636352
385.743012
385.865933
386.357330
386.383299
386.522194
386.739610
386.843812
386.920530
387.081871
387.232850
387.319194
387.459031
387.500974
387.528253
387.647529
387.666698
387.777659
387.893535
387.956326
387.957473
388.378665
388.407869
388.437279
388.474470
388.503921
388.564378
388.937605
389.044511
389.150106
389.340078
389.436088
389.734687
389.791089
389.800755
389.903319
390.009119
390.227886
390.298542
390.678979
390.789571
390.825001
390.836593
390.946693
390.998262
391.047332
391.091528
391.111393
391.146537
391.230218
391.288013
391.315169
391.402824
391.413023
391.490683
391.608361
392.020460
392.131502
392.260813
392.401551
392.410481
392.432148
392.481014
392.518861
392.529674
392.593449
392.641700
392.656773
392.882094
393.163203
393.211740
393.432842
393.522586
393.559368
393.623470
393.738732
393.930670
394.125681
394.360013
395.074888
395.159634
395.287020
395.520696
395.584840
395.648942
395.703419
395.708539
395.767316
395.851653
395.998659
396.061245
396.154020
396.232827
396.272968
396.399002
396.580209
396.714721
397.006397
397.101179
397.157171
397.165855
397.251215
397.294428
397.377413
397.929718
398.041375
398.045880
398.156022
398.329733
398.378230
398.495252
398.603305
398.924227
398.980301
399.036457
399.073075
399.288934
399.346401
399.443067
399.539651
399.626363
399.632916
399.763087
399.907389
399.933481
399.992300
400.095068
400.144957
400.176292
400.225280
400.313754
400.352215
400.402801
400.418447
400.510484
400.513475
400.566559
400.657859
400.715080
400.749445
400.780698
400.850125
401.228022
401.237975
401.271357
401.399071
401.435812
401.546404
401.568358
401.612472
401.643315
401.905172
402.029281
402.126725
402.370191
402.458378
402.480128
402.615419
402.682757
402.696233
402.771476
402.876621
403.114435
403.525550
403.552870
403.692872
404.020961
404.093338
404.170015
404.199424
404.641710
404.707860
404.868424
404.916224
404.936950
404.947763
405.123932
405.255496
405.313085
405.327094
405.551800
405.644001
405.659197
405.724119
406.082888
406.217114
406.367887
406.789980
406.877307
407.344579
408.283095
408.644731
409.287229
409.343549
409.514803
409.636209
409.687613
410.029588
410.172047
410.528563
410.681262
410.844324
411.016643
411.088896
411.171348
411.243438
411.334533
411.416494
411.426693
411.465155
411.522703
411.732992
411.819745
412.021473
412.066693
412.124283
412.136530
412.270838
412.293898
412.413338
412.423168
412.465603
412.480430
412.538225
412.686418
412.705178
412.784271
413.143900
413.198623
413.266985
413.289636
413.401047
413.585654
413.609943
413.711483
413.824164
413.911654
413.980099
413.994148
414.249206
414.333706
414.462280
414.586225
414.658888
414.988616
415.090934
415.161999
415.348122
415.398502
415.487590
415.555420
415.620055
415.752151
415.784346
415.856558
416.003604
416.120791
416.166134
416.170148
416.244326
416.566518
418.839101
419.087974
419.119841
419.258655
419.399229
419.468943
419.617341
419.922125
419.928760
420.067615
420.157399
420.227113
420.258734
420.274954
420.386775
420.433674
420.635976
420.730307
420.755988
420.766228
420.851098
420.956365
421.002445
421.292319
421.343437
421.582275
421.908234
422.018744
422.072812
422.135439
422.171443
422.184264
422.187909
422.206628
422.358958
422.696264
422.742630
422.753608
422.759301
422.845932
422.871982
422.961889
422.979748
423.030333
423.037993
423.174799
423.250903
423.274496
423.304806
423.324713
423.339868
423.709983
423.775273
423.831306
423.959962
424.074772
424.295096
424.331182
424.388444
424.512389
424.989286
425.031025
425.294029
425.363087
425.378488
425.447424
425.656197
425.849897
425.983795
426.283459
426.387456
426.540810
426.594550
426.715423
426.766336
426.855956
426.944881
427.039334
427.126907
427.159593
427.203625
427.247452
427.250606
427.304141
427.553300
427.707064
427.865457
427.910554
427.960033
428.532326
428.596183
428.654305
428.823839
428.897362
428.945162
429.044777
429.062349
429.154550
429.170770
429.329326
429.390356
429.598474
429.884908
429.959741
430.208901
430.338458
430.854472
430.879785
431.036989
431.604613
431.671828
431.810068
432.365322
433.003766
433.236050
433.371873
433.499095
433.519084
433.728963
433.762591
433.823703
434.132378
434.174362
434.351677
434.437816
435.535790
435.582894
436.159816
436.332012
436.490609
436.716913
436.881981
437.300675
437.376737
437.467177
437.688361
437.708431
437.829837
438.190203
438.267126
438.399386
438.575841
438.833521
438.860063
439.073219
439.198474
439.313121
439.346463
439.420477
439.482819
439.984906
440.090542
440.115651
440.156119
440.398193
440.817009
440.907817
443.349565
443.627151
443.681423
443.904696
444.299796
444.325192
444.725453
444.827853
445.013279
445.033267
445.299139
445.350953
445.532488
445.688259
445.965681
446.066975
446.148772
446.264033
446.291149
446.321623
446.378394
446.466867
446.515405
446.621327
446.765752
446.834237
447.098880
447.188992
447.205089
447.235072
447.279882
447.398871
447.435489
447.496233
447.533916
447.578563
447.958262
448.045466
448.113705
448.175636
448.260465
448.263823
448.347259
448.499302
448.623821
448.707215
448.761569
448.823665
448.915988
449.031537
449.097728
449.107558
449.283031
449.299046
449.460142
449.469972
449.562788
449.599529
449.651753
449.907302
449.998397
450.041938
450.157322
450.220974
450.336195
450.375066
450.474148
450.743583
450.757345
450.802565
450.837545
450.868879
450.883871
450.938020
451.239158
451.320832
451.436913
451.500155
451.747758
451.934167
452.042424
452.119757
452.183654
452.450222
452.487782
452.636713
452.686029
452.701102
452.709499
452.900045
453.259469
453.300920
453.370880
453.649285
453.740134
453.822013
453.995315
454.421709
454.904955
454.926336
454.967910
455.071744
455.430472
455.551017
455.607583
455.610040
455.623311
455.998996
456.127693
456.435999
456.615813
456.727060
457.458934
457.548349
457.604506
458.111468
458.514268
458.665492
459.302093
459.457413
459.538964
459.588526
459.944468
460.508283
460.559606
460.651643
460.698870
460.738028
460.758385
460.809871
460.845056
461.196739
461.212344
461.233889
461.256991
461.289677
461.362094
461.367132
461.538222
461.736223
461.755924
461.836616
461.850911
462.121533
462.232084
462.328504
462.403953
462.462894
462.527898
462.811791
462.886953
462.920417
462.976614
463.035556
463.062016
463.120179
463.340462
463.376794
463.415419
463.490908
463.516058
463.599124
463.656878
463.692104
463.722496
463.846277
463.913288
464.059474
464.165970
464.256942
464.286310
464.302940
464.351969
464.371794
464.427008
464.433275
464.438845
464.583311
464.650240
464.893420
464.940073
465.024082
465.213891
465.240637
465.274634
465.283277
465.343939
465.372692
465.414267
465.567908
465.629184
465.856020
465.896653
466.115256
466.188861
466.203976
466.209874
466.237235
466.333164
466.345370
466.351759
466.358641
466.484019
466.529690
466.591252
466.635448
466.694758
466.697544
466.709627
466.718188
466.910577
466.926305
467.010437
467.065119
467.072942
467.144786
467.186729
467.225682
467.241656
467.268444
467.284378
467.289375
467.558523
467.597189
467.653919
467.665019
467.710935
467.826278
467.874693
468.015800
468.301210
468.454236
468.631347
468.685373
468.722196
468.850606
468.961239
469.248041
469.298053
469.364654
469.447025
469.453005
469.476557
469.532426
469.605908
469.630935
469.956895
470.022062
470.078423
470.126674
470.176440
470.210273
470.271468
470.484705
470.491505
470.551224
470.609879
470.664479
470.698680
470.716334
470.912778
470.966272
471.391805
471.460332
471.517471
471.543562
471.719526
471.756227
471.808164
471.885373
471.898849
471.945503
471.952261
472.112374
472.119583
472.254710
472.277115
472.380867
472.436818
472.472084
472.537661
472.686551
472.782684
472.792637
472.918917
472.968356
473.098568
473.177620
473.243156
473.437839
473.472655
473.515295
473.553469
473.663939
473.696666
473.822003
473.972818
474.181468
474.302095
474.396918
474.468516
474.502062
474.730004
474.871685
475.033518
475.135058
475.178476
475.656315
475.719803
475.829576
475.948155
476.056412
476.291891
476.537446
476.613837
476.846899
476.962652
477.087375
477.461504
477.557801
477.601997
477.618299
477.690225
478.081475
478.211891
478.241219
478.248632
478.340628
478.428283
478.607892
478.841569
478.976655
479.065620
479.093760
479.171871
479.276687
479.385477
479.526011
479.991890
480.018760
480.373924
480.657367
480.772506
480.819323
480.880435
481.066516
481.128694
481.394811
481.484104
481.504379
481.568399
482.029978
482.192302
482.271109
482.334556
482.379858
482.446868
482.460058
482.702172
482.742723
482.853396
482.915205
482.966118
483.009659
483.103130
483.291791
483.331891
483.367936
483.407299
483.440763
483.467715
483.508838
483.562906
483.610214
483.629015
483.934618
483.955999
484.023337
484.281016
484.298015
484.600463
484.732191
484.792238
484.902420
485.016699
485.040497
485.144986
485.212037
485.232558
485.322220
485.384069
485.744681
485.782979
485.804032
485.838070
485.849907
485.998551
486.103327
486.217155
486.284698
486.394798
486.450012
486.470615
486.654157
486.693601
486.786621
486.796452
486.864732
486.888120
486.892995
486.898360
487.041147
487.462339
487.472579
487.507804
487.590216
488.019067
488.070308
488.140554
488.168735
488.316191
488.593613
488.665580
488.735744
488.806236
488.879063
488.948531
489.129288
489.397535
489.472532
489.549373
489.686508
489.790628
489.849651
489.998418
490.072678
490.086728
490.099958
490.204774
490.209362
490.219766
490.424238
490.440131
490.441236
490.522829
490.541343
490.547773
490.624860
490.631455
490.635551
490.656317
490.766500
491.183350
491.273093
491.277476
491.411538
491.495219
491.543060
491.675116
491.721646
491.852554
492.044329
492.125880
492.152013
492.220539
492.252979
492.256993
492.270920
492.427141
492.681011
492.692357
492.877947
492.970312
493.035192
493.107323
493.230981
493.587087
493.702717
493.767557
493.821788
494.004429
494.059151
494.139269
494.403092
494.432215
494.480261
494.561485
494.580367
494.632018
494.671544
494.684365
494.874870
494.899732
494.990828
495.121162
495.124644
495.330755
495.397192
495.481160
495.551283
495.605514
495.693087
495.698698
495.837839
495.857541
495.862579
495.921316
496.064471
496.206520
496.524943
496.587448
496.714015
496.768532
496.901612
496.966042
496.983163
497.035674
497.057423
497.123410
497.183744
497.259930
497.345987
497.346929
497.442734
497.570161
497.617674
497.653309
497.666253
497.771807
497.827430
497.878057
497.940562
498.029650
498.222490
498.339103
498.446295
498.491023
498.502902
498.718474
499.045294
499.063153
499.111690
499.186196
499.209953
499.252183
499.303547
499.344466
499.352986
499.433923
499.487089
499.508265
499.527598
499.611156
499.823780
499.860439
499.923436
499.953582
499.981722
500.010230
500.040335
500.201185
500.254925
500.336026
500.348191
500.425728
500.544512
500.586209
500.639826
500.662600
500.699709
500.738744
500.768154
500.801249
500.828652
500.853719
500.950303
500.999782
501.046026
501.127291
501.393121
501.435802
501.472748
501.475820
501.526897
501.565768
501.624668
501.646172
501.691720
501.893898
501.918188
502.022881
502.087967
502.130647
502.193521
502.257336
502.289695
502.320128
502.338888
502.465987
502.467830
502.480650
502.523576
502.573507
502.604841
502.731653
502.768067
502.845563
502.856253
502.929695
503.023124
503.091487
503.142072
503.181844
503.202939
503.220511
503.243653
503.258030
503.673037
503.861412
503.991337
504.043151
504.058511
504.090296
504.108483
504.163000
504.462950
504.549990
504.556667
504.619172
504.633631
504.651366
504.709980
504.753930
504.805458
504.875008
504.987034
505.102213
505.119089
505.200558
505.253683
505.320202
505.392865
505.443000
505.522258
505.635348
505.662874
505.706947
505.775841
505.839288
505.952297
506.089144
506.181222
506.351821
506.490552
506.507469
506.541752
506.610319
506.655744
506.932306
507.023319
507.080335
507.129569
507.152957
507.215708
507.267604
507.294433
507.295375
507.358044
507.450245
507.622318
507.644027
507.756134
507.841495
507.939922
508.018688
508.044616
508.158648
508.178268
508.232868
508.358779
508.433900
508.485714
508.512707
508.567634
508.621988
508.678390
508.739379
508.753715
508.800778
509.177610
509.594706
509.614572
509.754573
509.858775
509.928161
510.035763
510.269440
510.372372
510.491443
510.528389
510.570578
510.642504
510.702428
511.083520
511.205868
511.413821
511.498322
511.722619
511.789875
511.913206
512.009093
512.056074
512.138486
512.211722
512.634307
512.850698
512.904561
513.011098
513.031168
513.365770
513.452401
513.588593
513.767465
514.115011
514.189394
514.327265
514.378752
514.791834
514.966077
515.226911
515.432284
515.461366
515.699016
515.868385
515.899843
515.905987
516.135854
516.323082
516.339630
516.342497
516.398121
516.469146
516.478689
516.533330
516.666040
516.746977
516.773274
516.776919
516.851835
516.904100
516.917617
516.958986
517.030461
517.117706
517.194260
517.204337
517.212488
517.306982
517.341757
517.361500
517.373051
517.460705
517.540700
517.814723
517.976556
518.022226
518.094766
518.117990
518.499410
518.647685
518.736527
518.858424
518.931620
518.986465
519.051796
519.063593
519.136133
519.172997
519.272038
519.357235
519.502275
519.610860
519.712809
519.816520
519.874642
519.953981
520.011325
520.046264
520.400118
520.475894
520.550728
520.581366
520.647680
520.994939
521.065513
521.131663
521.195233
521.241354
521.348547
521.482035
521.521275
521.757983
521.861448
521.903145
522.018324
522.045645
522.088653
522.196255
522.220175
522.238607
522.435092
522.473513
522.581893
522.644726
522.710630
522.743112
522.978550
522.990223
523.005297
523.137802
523.176673
523.218903
523.267072
523.300577
523.307213
523.415429
523.502797
523.696128
523.764736
523.767030
524.093440
524.176876
524.199281
524.235694
524.254495
524.303114
524.431852
524.499149
524.513608
524.593521
524.625838
524.668682
524.682691
524.701778
524.773294
525.015040
525.250150
525.386383
525.444792
525.451796
525.490135
525.590979
525.857014
525.903217
525.946102
525.995868
526.137631
526.193050
526.196285
526.270259
526.325105
526.540227
526.644347
527.046820
527.251988
527.404032
527.497544
527.539323
527.608013
527.751741
527.752602
528.020931
528.216760
528.260465
528.416522
528.718029
528.735601
528.893215
529.244119
529.286922
529.384448
529.425285
529.487708
529.498399
529.581998
529.588101
529.615258
529.660559
529.672684
529.780204
529.833779
529.962230
530.006508
530.027356
530.196480
530.248131
530.331894
530.366013
530.608087
530.767626
531.070730
531.112509
531.134915
531.204669
531.240141
531.275981
531.308462
531.529687
531.560653
531.757261
531.950920
532.114145
532.169605
532.288307
532.299325
532.560691
532.596531
532.818739
532.885258
532.963451
533.007032
533.044593
533.078548
533.092557
533.121475
533.281382
533.341020
533.384970
533.433303
533.514404
533.573181
533.840896
533.849170
534.095913
534.101115
534.287892
534.351340
534.421094
534.751232
534.916833
535.232389
535.367025
535.518945
535.584850
535.752991
535.813816
536.035369
536.050852
536.133059
536.187167
536.194744
536.207237
536.238408
536.274739
536.288788
536.439316
536.462991
536.499528
536.555315
536.593981
536.723784
537.051464
537.231319
537.644032
537.923994
538.083901
538.087301
538.286203
538.386964
538.495877
538.556703
538.621747
539.032617
539.044741
539.122156
539.439964
539.470684
539.556168
539.616420
539.669709
539.677983
539.713004
539.784765
539.942871
540.093850
540.209766
540.289024
540.334735
540.342723
540.446065
540.859924
541.052928
541.226721
541.356810
541.618012
541.726065
541.729014
541.900841
541.960110
542.025441
542.148035
542.293115
542.558044
542.578483
542.872986
542.909235
542.946058
542.981612
543.033139
543.062467
543.091999
543.123948
543.173222
543.185101
543.208653
543.350497
543.394611
543.520973
543.541576
543.546368
543.549317
543.572173
543.607972
543.637709
543.901573
544.139551
544.487219
544.588022
544.632504
544.700047
544.793436
544.842056
544.898212
545.019003
545.085932
545.154499
545.216471
545.248788
545.321615
545.374700
545.389076
545.405215
545.459528
545.470218
545.732444
545.826447
545.841111
545.893786
545.953669
546.050949
546.070774
546.086052
546.132910
546.148393
546.157486
546.170225
546.553160
546.654454
546.683699
546.740593
546.768323
546.803876
547.175219
547.254067
547.426017
547.528991
547.630408
547.763978
547.819520
547.836027
547.877888
547.917906
548.049551
548.115825
548.216873
548.321239
548.394148
548.445635
548.580598
548.648428
548.657889
548.866540
548.933550
548.989542
549.025178
549.146214
549.201142
549.243290
549.247672
549.406065
549.462917
549.589033
549.605499
549.633024
549.710848
549.755044
549.756805
549.905039
550.068552
550.132449
550.201999
550.305014
550.368993
550.412329
550.613443
550.723748
550.794650
550.818857
550.921994
550.993224
551.113851
551.165420
551.203144
551.565271
551.698678
551.796285
552.095212
552.430551
552.446362
552.513413
552.587960
552.826061
552.828600
552.897372
552.962212
552.967660
553.012634
553.037210
553.164268
553.183273
553.530941
553.692078
553.749463
553.809920
553.852846
553.978921
554.093650
554.192814
554.281042
554.387825
554.477240
554.584719
554.748109
554.934804
554.996408
555.011850
555.093729
555.213128
555.296768
555.566203
555.639112
555.697029
555.978711
556.539699
556.781691
556.915507
556.930540
557.067469
557.224673
557.797827
557.873439
558.260675
558.442045
558.467236
558.684979
558.790042
559.033467
559.090770
559.101952
559.339848
559.531745
559.540142
559.601254
559.755387
560.194724
560.320225
560.340746
560.453509
560.484434
560.511181
560.525967
560.612884
560.677110
560.717578
560.732242
560.737690
560.897966
560.971817
561.054884
561.142252
561.214996
561.309204
561.341972
561.452442
561.623777
561.637499
561.735066
561.739694
561.818501
561.857987
561.958625
562.167849
562.311045
562.466284
562.612920
562.699018
562.816696
562.899517
563.079004
563.286835
563.376701
563.437404
563.479675
563.547587
563.703562
563.801334
563.869696
563.933348
563.940639
563.990405
564.070892
564.434289
564.586045
564.589527
564.635566
564.750131
564.796170
564.895662
564.906680
565.426913
565.510472
565.518500
565.602959
565.793137
565.916262
565.988762
566.043116
566.089400
566.146007
566.177260
566.273925
566.354944
566.591119
566.698639
566.843105
566.945874
566.980321
566.998630
567.060521
567.144202
567.209656
567.278182
567.526932
567.911916
567.978967
568.058470
568.541471
568.765194
568.780800
568.800256
568.960205
569.097708
569.209938
569.225544
569.392087
569.488876
569.506365
569.595658
569.630761
569.698959
569.765560
569.887662
570.117325
570.148659
570.295828
570.459709
570.465731
570.575872
570.661888
570.791076
570.814054
570.844856
570.930340
571.021230
571.238441
571.257201
571.272233
571.275756
571.395768
571.459625
571.476705
571.572306
571.737006
571.742085
571.784765
571.870904
571.953644
571.995259
571.999355
572.025160
572.080210
572.122030
572.147220
572.192522
572.212920
572.226724
572.283576
572.795453
572.887491
572.896420
573.371228
573.427671
573.442499
573.489603
573.762519
573.851648
573.970719
574.044897
574.277714
574.349640
574.398956
574.499226
574.547517
574.915052
574.993736
575.105393
575.163269
575.244247
575.280660
575.358730
575.818342
576.064594
576.248340
576.628572
576.736297
577.218847
577.354588
577.416561
577.747436
577.812890
577.968251
577.997332
578.079785
578.103542
578.111488
578.177843
578.244608
578.581996
578.697462
578.878382
578.881536
579.366994
579.489546
579.683410
579.761193
579.964191
580.078674
580.112712
580.170588
580.329226
580.336394
580.438876
580.489585
580.718060
580.840940
580.922655
580.990321
581.056266
581.065482
581.071135
581.242511
581.308375
581.311283
581.408563
581.495194
581.535539
581.564211
581.633147
581.736489
581.891891
582.306406
582.347080
582.451241
582.657434
582.710231
582.785761
582.820946
582.935716
582.995436
583.038034
583.211540
583.298990
583.362765
583.400489
583.441531
583.673160
583.937638
584.049172
584.112538
584.133878
584.204247
584.226652
584.361165
584.680776
584.773878
584.827412
584.982528
585.212396
585.319875
585.377055
585.396716
585.467249
585.504973
585.507963
585.509929
585.514353
586.051789
586.178437
586.455450
586.679910
586.774733
586.780426
586.801234
586.804797
586.867098
586.881147
586.933371
586.940703
587.028890
587.050639
587.330191
587.341947
587.380367
587.653898
587.658158
587.662090
587.704730
587.733729
587.773665
587.776532
587.862221
587.914772
587.949179
588.081603
588.158157
588.182077
588.199076
588.202230
588.227011
588.354478
588.551987
588.610519
588.687933
588.752814
588.763914
589.116498
589.223117
589.265388
589.328630
589.399736
589.507256
589.652746
589.671506
589.680353
589.739377
589.800776
589.851320
589.938852
590.157947
590.219387
590.229094
590.322688
590.381097
590.449746
590.517576
590.570291
590.581965
590.641971
590.734418
590.770299
590.862254
590.901821
590.974894
591.083766
591.101174
591.185838
591.206810
591.258132
591.365980
591.430328
591.489352
591.526461
591.851971
591.935160
592.026583
592.057672
592.155730
592.210043
592.243958
592.322560
592.380641
592.471368
592.494264
592.501309
592.599777
592.627302
592.691405
592.847954
593.084047
593.153966
593.235313
593.342956
593.344471
593.415086
593.452564
593.591419
593.618248
593.663468
593.668137
593.697587
593.800561
593.976074
594.014781
594.069586
594.379612
594.420040
594.562867
594.623570
594.640773
594.677883
594.688451
594.815795
594.858230
594.912215
594.974556
595.038208
595.053732
595.055657
595.527721
595.604439
595.620700
595.658301
595.800678
595.823862
595.950264
596.019282
596.032430
596.072079
596.464189
596.499948
596.701553
596.728218
596.784128
597.079695
597.092065
597.097718
597.144207
597.222851
597.261148
597.333852
597.366374
597.569659
597.637652
597.765366
597.814108
597.839176
597.881324
597.933015
597.957550
598.005555
598.024110
598.043320
598.317711
598.328893
598.390825
598.596608
598.711214
598.718792
598.728090
598.734070
598.753853
598.764544
598.768394
598.771425
598.934938
598.974218
599.002030
599.035576
599.088251
599.194092
599.239598
599.312343
599.421583
599.423672
599.434936
599.692452
599.731282
599.784940
599.837819
600.038400
600.274534
600.393564
600.457830
600.486707
600.524308
600.540652
600.588739
600.607252
600.675533
600.719196
600.725914
600.735171
600.819057
600.931492
600.990966
601.065636
601.095045
601.244959
601.274204
601.293210
601.355346
601.391923
601.538109
601.603523
601.611018
601.642721
601.663652
601.674015
601.884549
601.915187
602.088612
602.162258
602.214564
602.238198
602.259825
602.357023
602.370949
602.403471
602.475069
602.605322
602.780959
603.025859
603.075461
603.097006
603.192730
603.280671
603.351982
603.476091
603.809792
603.886346
603.891958
603.954872
604.025610
604.141855
604.166308
604.206653
604.498125
604.905390
604.932792
605.092495
605.331620
605.463716
605.659013
605.789839
605.822812
605.890806
606.014464
606.065132
606.088151
606.193705
606.480548
606.681784
606.720246
606.935286
607.055503
607.146312
607.272100
607.586468
607.609897
607.616778
607.681905
607.702467
607.711109
607.731261
607.742730
607.913656
607.957893
608.217293
608.289956
608.300401
608.343245
608.375808
608.463135
608.541778
608.584909
608.618127
608.726671
608.886784
608.899686
608.926269
609.208607
609.215939
609.230193
609.234289
609.244938
609.262920
609.322598
609.363231
609.393459
609.396859
609.419469
609.535877
609.650975
609.676452
609.727242
609.842586
610.062991
610.158305
610.201190
610.233713
610.242970
610.394685
610.535383
610.565734
610.718065
610.864579
611.113288
611.149251
611.564954
611.589325
611.607347
611.645972
611.648717
611.679314
611.737682
611.887677
611.976806
612.354540
612.444856
612.478730
612.507730
612.528497
612.532306
612.669604
612.683039
612.846879
613.034926
613.037179
613.054464
613.135606
613.164524
613.329797
613.386854
613.505352
613.549588
613.593661
613.638185
613.660918
613.702943
613.849293
613.916631
613.982372
613.984870
614.024028
614.099927
614.193971
614.347899
614.420931
614.464471
614.498755
614.502031
614.544589
614.819512
614.940058
615.375217
615.618601
615.662469
615.682294
615.729889
615.752827
615.862108
616.076575
616.156897
616.176271
616.215224
616.236401
616.249139
616.372142
616.416051
616.519270
616.551834
616.613683
616.630723
616.637604
616.668119
616.671969
616.708915
616.724726
616.754053
616.811274
616.862802
617.146245
617.161073
617.265684
617.329254
617.436201
617.472123
617.499689
617.513288
617.537126
617.591972
617.832530
617.985024
618.016072
618.046013
618.064732
618.081321
618.095575
618.109665
618.374267
618.444554
618.532823
618.616873
618.623877
618.651075
618.726810
618.732134
618.761175
618.774938
618.817085
618.875904
618.954424
618.973307
618.978058
619.034952
619.114250
619.188920
619.259535
619.422966
619.489812
619.504108
619.624366
619.865661
619.976253
620.035523
620.091064
620.208783
620.426445
620.546130
620.608471
620.972114
621.021553
621.064233
621.073121
621.092168
621.107077
621.149798
621.199974
621.232251
621.372539
621.424312
621.430989
621.440737
621.596795
621.721149
621.775954
621.804339
621.814292
621.872456
621.901742
621.954662
621.971292
621.999432
622.023598
622.059192
622.076723
622.126694
622.136238
622.190264
622.195384
622.209884
622.319043
622.337024
622.407639
622.446633
622.552515
622.564352
622.599127
622.601462
622.931558
623.041946
623.155732
623.160975
623.402394
623.492301
623.552717
623.557100
623.629967
623.865774
623.933276
623.954125
624.114975
624.295731
624.311091
624.391291
624.422216
624.451666
624.519782
624.597443
624.775660
624.827392
624.898089
624.957972
624.988856
625.025393
625.048289
625.138729
625.409802
625.478533
625.576428
625.633731
625.742971
625.800724
625.970176
626.069504
626.174976
626.244813
626.309202
626.361098
626.419712
626.472509
626.491720
626.589082
626.603663
626.696520
626.726461
626.800927
626.864169
626.954650
627.050619
627.109233
627.177390
627.285893
627.298959
627.322798
627.453829
627.523748
627.648471
627.677061
627.715973
627.826196
628.054262
628.106076
628.293345
628.393738
628.565443
628.650639
628.727112
628.774543
628.798382
628.879278
628.949156
629.012111
629.059256
629.162762
629.369856
629.414175
689.644995
689.730929
689.832673
689.849713
689.858478
689.885962
689.890140
690.080317
690.249114
690.317394
690.463867
690.516337
690.578555
690.646835
690.713436
690.830950
690.846720
690.982789
690.990203
691.126354
691.286344
691.292897
691.501384
691.618775
691.814195
691.839386
691.849748
692.160922
692.227236
692.379116
692.512154
692.872110
692.950999
692.989993
693.455503
693.527880
693.596037
693.669970
693.973975
694.142976
694.212198
694.223503
694.335201
694.354493
694.362931
694.750945
694.766674
694.808740
694.905324
695.168287
695.182950
695.422976
695.643177
695.755530
695.757292
695.797883
695.945421
695.950131
696.042496
696.046797
696.067441
696.125645
696.195400
696.215020
696.297062
696.348385
696.404132
696.451891
696.959099
697.262612
697.294848
697.335726
697.375826
697.410437
697.552282
697.867141
698.259046
698.329620
698.334044
698.465526
698.676101
698.865091
699.218903
699.286159
699.419075
700.043551
700.140626
700.427878
700.937994
700.951634
700.956631
701.058826
701.087048
701.145580
701.357425
701.773783
701.850419
701.922509
703.029494
703.259812
703.381012
703.402557
703.962235
704.879657
705.069998
705.087283
705.123000
705.445069
705.696563
706.444902
706.839183
706.920940
707.144499
707.185951
707.977626
708.031570
708.311695
708.712038
710.221210
710.931948
711.619666
715.009761
715.020739
715.082711
715.120681
715.200061
715.543962
715.566735
715.887862
716.107735
716.215542
716.286484
717.264773
718.094172
718.567424
718.893711
719.183503
719.514337
719.541903
721.313505
721.820385
723.237151
724.216955
724.318331
725.855887
725.926380
726.000640
728.537129
730.225336
730.271949
731.510784
731.563868
732.077588
732.308808
732.538020
732.915917
733.017416
733.165363
733.328630
733.386957
733.628006
733.675274
733.699154
733.936026
734.091346
735.205458
735.243305
735.245230
735.309947
735.387075
735.447327
735.500657
735.507784
735.617761
735.678792
735.814042
735.866020
735.987466
736.013353
736.027116
736.077292
736.148193
736.216392
736.382157
736.509460
736.710042
736.736338
736.872530
737.064960
737.234084
737.294008
737.362985
737.398374
737.508147
737.644093
737.656545
737.973535
739.314647
739.548406
739.678003
739.732562
739.897057
739.996549
740.014531
740.096778
740.128809
740.156170
740.385096
740.694548
740.841472
740.868956
741.325169
741.635686
741.843640
741.975368
742.027837
742.804685
743.372022
743.377879
743.420068
743.503135
744.145838
744.527749
744.973394
745.143009
745.190195
745.252987
745.302262
745.480806
746.007593
746.095739
746.134159
746.430382
746.646036
746.866647
747.093361
747.524997
748.451144
748.679823
749.649306
750.019052
750.780375
751.402435
751.945810
752.513925
752.881705
752.906813
752.932250
752.963338
753.007821
753.194967
753.305395
753.395794
754.124636
754.422006
754.710774
754.826445
754.963046
755.092767
755.559137
755.730801
755.916227
755.981926
756.088218
756.151624
756.241940
756.316160
756.504781
756.605460
756.871578
756.965908
757.348106
758.722888
758.987940
759.798866
760.144200
760.666890
760.812790
761.415639
761.671926
761.675612
762.354688
762.627277
762.749747
762.938982
763.347763
764.109537
764.265103
764.607652
765.361275
765.443154
765.476291
765.495828
765.556941
765.648527
765.752730
766.397399
766.848164
767.248916
767.386665
767.770296
767.837757
767.901655
768.155566
768.687227
768.837878
768.871875
768.972186
769.040015
769.305928
769.375805
770.004623
770.827715
770.869412
771.012772
771.109888
771.380920
771.463946
771.726131
772.222403
772.365312
772.634378
772.638597
772.663665
772.673495
772.693647
772.718797
772.953661
772.974961
772.977254
773.029519
773.055365
773.081948
773.545329
773.615903
773.632532
773.948170
773.951775
774.321807
774.938296
775.076946
775.260815
775.646863
776.123310
778.638828
779.869020
780.242985
781.517169
782.746132
786.423890
787.123528
790.134702
790.223749
790.353224
790.409380
790.419907
790.752829
790.921544
791.295099
791.415767
791.551427
791.887749
792.009851
792.314388
792.615281
792.709161
792.882708
793.354895
793.361981
793.508086
793.650586
794.001162
794.961674
795.228201
795.290296
795.538883
795.761910
795.852390
796.040028
796.845138
798.297170
798.696120
798.752113
798.926111
799.426929
799.796306
800.529490
801.002250
801.209016
801.221140
801.382687
801.428439
801.688740
802.529976
802.902180
803.681567
803.773440
804.473651
804.804731
806.024888
807.180902
807.225958
807.637074
807.735460
808.052531
808.157471
808.168899
808.491131
808.611963
808.682168
808.776008
808.844739
809.514353
809.696215
809.823437
809.859891
809.997804
810.702602
811.196375
812.515328
812.528067
813.568000
814.970307
815.591342
817.098793
817.641677
817.657324
817.679811
817.827062
817.886290
818.065572
818.204221
818.317681
818.453094
818.529198
818.600714
818.607309
818.667479
818.715484
818.852987
818.992087
819.006464
819.388662
819.435438
820.057088
820.126720
820.521779
821.083750
821.183570
821.336719
821.490401
821.691105
821.700608
821.774459
821.892137
822.007521
822.276669
822.767452
823.032750
823.053844
823.065395
823.268188
823.396721
824.335360
824.515912
824.634245
824.964383
825.041756
825.287270
825.321349
825.369027
825.527214
825.600041
825.796035
826.413588
826.669097
826.883482
827.320525
827.667948
827.918787
828.057190
830.724383
831.380849
831.774147
833.117307
833.673298
834.240922
834.637169
835.047424
835.209708
835.374367
835.434045
836.272906
837.272248
838.068552
838.102794
838.886523
840.836915
842.730045
843.350467
843.429069
844.076728
846.373028
846.748426
846.996603
847.515238
848.066478
848.148439
848.214180
848.290529
848.366182
848.886252
849.039647
849.153475
849.424507
849.473864
850.065695
850.068152
850.610094
850.731418
850.942280
851.079782
851.166945
851.293471
851.385385
851.494748
851.682181
852.025221
852.352082
852.377149
852.557783
852.568105
852.776182
852.813578
852.855767
853.179556
853.397586
854.182666
854.205112
854.445711
854.516285
854.605783
854.649528
854.725960
854.918226
855.090217
855.179100
855.206912
855.362806
855.450829
855.502438
855.778099
855.925187
856.027750
856.054538
856.488591
857.012797
857.113231
857.603973
858.102374
858.761462
858.878525
859.586806
859.873157
860.102615
860.179825
860.710584
861.072507
861.150372
862.287380
862.959739
863.192433
866.106737
866.897019
869.069619
871.405158
872.140677
872.510177
873.284485
874.955162
875.078615
875.993088
876.438487
877.461750
877.632963
877.698417
878.631690
879.927337
881.637253
882.964849
885.493760
886.688481
888.157635
892.184617
892.758794
892.890931
896.045507
896.051118
898.601902
899.262874
899.273277
899.375063
899.381903
902.047212
902.730260
902.809518
903.080878
903.186514
903.752294
903.861780
903.876116
904.132116
904.650957
904.667464
905.059287
906.329866
908.484035
910.464819
910.486282
911.009751
917.314560
917.703475
918.234481
919.783342
921.818726
923.107533
924.155208
924.601098
927.208735
927.320637
927.685837
928.265667
928.897638
931.526574
931.653427
931.851428
932.922819
933.461811
933.913313
934.015754
934.158664
935.954801
942.816256
943.722496
943.899197
945.057096
945.118536
947.120620
948.494623
948.740260
950.463324
952.988385
955.718451
956.516557
956.526182
956.540150
958.175314
959.224955
961.161011
961.661911
961.796997
963.186237
963.335250
963.355197
964.074947
965.584118
965.851423
968.500511
968.568627
969.031229
971.588198
971.731640
973.954089
974.766899
977.493197
980.712571
980.790477
981.118894
981.612708
981.903647
982.414336
984.314675
984.684216
988.391916
988.480922
989.607854
990.276403
990.534287
990.848123
991.559434
994.592973
994.646630
996.453171
1000.090829
1001.109299
1001.577636
1001.883648
1002.205512
1002.504684
1004.141240
1004.414403
1004.836577
1005.741343
1010.204099
1011.114803
1013.140521
1017.064079
1017.828762
1020.446474
1020.513567
1021.067715
1022.159626
1023.250391
1024.530391
1025.493033
1027.682058
1028.460421
1032.761262
1032.874476
1032.942715
1033.198551
1033.556419
1033.694945
1033.852436
1034.156851
1034.505544
1034.649969
1035.488461
1035.508572
1035.527332
1036.127273
1037.292585
1037.371064
1037.564559
1037.651763
1037.842596
1038.267638
1038.274273
1039.189279
1039.271404
1040.643523
1040.890143
1041.442816
1042.769756
1043.840287
1044.604068
1044.628726
1044.716995
1044.760904
1045.217772
1045.294408
1045.711299
1045.828936
1046.083052
1046.421545
1046.510879
1047.635476
1047.787069
1047.916257
1048.696381
1048.768717
1048.908718
1048.984904
1050.726646
1050.746470
1050.957496
1051.751997
1051.954381
1051.995300
1052.650906
1054.323507
1054.406205
1055.450358
1055.617393
1056.604488
1056.706109
1056.789709
1056.799048
1057.173217
1057.808671
1057.914757
1057.958134
1057.965834
1057.969152
1058.377196
1058.588344
1058.919301
1059.037389
1059.068232
1059.283681
1060.125245
1061.543608
1066.511278
1068.054979
1068.327158
1068.477645
1068.628255
1069.211771
1069.340713
1069.875282
1070.281196
1070.932869
1071.022244
1076.776632
1077.104968
1077.325701
1079.037993
1079.145062
1079.535124
1080.302100
1080.616387
1080.632607
1080.834703
1080.910316
1081.023775
1081.397494
1081.422275
1082.431734
1082.433905
1082.846986
1082.852884
1083.122893
1084.328018
1084.632187
1084.991078
1085.298401
1085.426729
1086.006026
1086.210990
1086.758666
1086.814577
1088.032932
1089.215898
1089.266156
1089.876787
1089.900544
1090.036941
1090.076058
1090.202911
1090.461737
1090.995446
1091.378340
1091.650232
1091.857285
1093.353021
1095.296410
1095.614095
1095.689503
1096.326390
1096.756101
1098.180526
1098.802504
1099.471831
1100.691374
1101.600604
1104.464077
1105.303880
1106.262262
1106.751324
1107.029524
1107.233997
1108.529070
1108.687012
1110.073754
1111.338516
1113.063137
1114.443489
1114.958725
1115.278254
1115.428741
1115.870085
1116.202844
1116.232622
1116.293243
1116.698665
1116.843868
1117.265265
1117.502013
1117.824860
1117.911163
1118.042685
1118.493164
1118.905385
1118.910996
1121.530921
1122.005443
1122.185503
1123.018711
1123.533046
1123.567370
1125.004657
1125.070602
1125.412495
1125.604884
1125.746647
1126.144655
1126.218179
1126.473482
1128.223130
1128.244388
1129.157345
1130.473718
1131.006566
1131.368612
1133.328220
1134.261207
1136.432087
1136.784097
1138.984673
1140.016005
1140.447191
1140.476191
1140.525343
1141.750129
1141.891604
1142.821315
1143.019930
1144.113275
1145.640018
1145.667052
1145.701622
1145.751306
1145.760481
1146.763715
1146.884669
1147.445453
1148.396339
1148.734177
1148.768870
1149.082092
1150.506230
1151.683543
1151.979561
1152.918938
1153.821123
1154.145403
1154.423521
1154.742477
1154.801132
1155.118039
1155.273400
1155.304817
1156.976722
1159.425638
1160.588452
1161.607086
1162.803814
1163.275018
1164.065956
1165.496525
1165.523927
1166.825800
1167.342469
1167.561523
1167.641108
1167.809454
1169.699594
1169.878098
1170.412175
1170.524160
1171.115786
1171.377848
1172.237804
1172.724285
1173.539758
1173.941780
1175.939564
1176.019558
1176.045240
1176.196424
1176.211210
1176.219853
1176.488632
1176.872264
1177.081979
1177.241149
1178.972897
1179.932877
1180.097536
1180.422185
1181.941350
1182.596874
1182.884004
1182.964244
1183.906038
1183.962726
1184.557588
1185.164534
1185.169900
1187.240223
1187.267174
1187.404759
1187.763855
1189.097226
1189.999043
1190.069985
1190.655304
1190.675743
1190.925517
1191.050772
1191.078420
1191.191183
1192.040530
1193.019023
1194.264003
1194.317496
1194.626212
1195.162624
1195.190723
1196.886139
1200.625582
1201.731174
1201.988731
1202.402017
1203.715113
1204.242391
1204.362281
1204.378419
1204.854170
1204.919665
1205.065441
1205.745541
1205.831762
1206.007153
1207.085588
1207.135273
1207.866655
1207.899750
1207.903314
1208.390492
1208.857969
1208.915026
1209.048228
1209.126298
1209.526927
1210.674668
1213.008077
1213.132472
1214.093189
1214.384005
1216.135373
1216.325345
1216.716882
1216.790569
1217.456456
1217.935360
1218.612552
1222.495969
1223.200932
1224.091484
1224.329052
1224.581325
1225.002721
1225.246720
1225.615770
1225.738158
1228.659057
1230.925578
1231.930941
1232.032195
1232.310559
1232.542966
1235.115295
1235.668910
1235.713024
1236.103578
1237.059953
1237.230469
1237.405204
1237.802435
1238.545080
1239.016325
1239.226163
1239.382098
1239.417037
1239.519150
1240.296202
1240.603853
1241.897533
1242.579149
1243.057521
1244.480102
1245.707141
1246.322934
1248.130212
1249.369989
1249.539564
1250.524283
1251.335905
1253.270569
1253.669315
1254.293750
1254.401106
1254.523535
1254.626959
1254.857728
1255.531151
1255.713300
1255.828070
1256.938783
1257.501082
1257.650586
1257.777439
1257.816105
1258.751754
1258.874307
1260.021678
1260.791235
1260.827279
1261.019013
1261.099745
1261.123379
1261.549363
1262.020321
1262.344520
1262.851031
1262.995579
1264.758866
1265.640284
1265.943306
1267.563889
1268.626186
1268.968653
1269.065892
1269.070889
1269.402542
1269.513380
1269.524972
1269.852201
1270.654116
1270.774374
1271.139369
1271.178363
1272.046715
1272.225300
1272.972165
1273.415926
1273.855713
1276.220129
1277.690675
1277.937664
1278.457733
1278.764442
1279.337800
1279.519293
1280.377242
1282.162852
1282.284257
1282.430607
1282.784829
1282.968003
1283.191644
1283.261727
1283.278520
1284.144087
1284.245832
1284.302561
1284.319805
1284.681400
1284.713431
1284.745789
1285.040374
1285.185372
1285.204132
1285.682790
1285.728174
1285.865554
1285.917164
1285.955666
1285.963899
1286.097920
1286.719201
1286.734643
1287.202365
1287.556506
1287.718380
1287.718666
1289.000755
1289.122652
1289.340396
1289.511485
1289.675612
1289.750405
1290.335560
1290.880696
1291.098153
1292.377293
1292.407030
1293.323837
1293.477970
1293.881139
1294.808760
1295.156265
1295.425823
1295.518761
1296.406979
1297.832509
1298.031452
1298.485535
1298.772091
1299.443548
1299.829637
1299.909427
1300.508058
1301.263360
1301.270651
1301.650842
1302.346097
1302.761185
1303.855596
1304.339579
1305.308692
1305.396183
1305.432842
1305.489613
1305.791160
1305.798410
1305.825690
1305.904456
1306.186998
1306.294272
1306.451067
1306.573865
1306.653164
1307.476787
1307.561984
1308.596470
1308.973916
1310.357053
1311.093842
1311.156879
1311.215288
1311.263703
1311.305482
1311.377572
1312.389284
1312.844063
1312.917586
1313.008312
1313.347707
1313.501512
1314.890670
1316.240794
1316.544143
1317.116314
1317.604884
1318.215475
1318.231818
1318.837821
1319.641539
1320.081162
1320.247706
1320.559575
1321.519759
1322.203095
1322.338181
1322.379182
1322.595287
1323.114004
1323.341865
1323.468186
1323.807212
1323.864146
1323.985019
1324.013814
1324.202230
1324.611011
1326.251704
1326.358774
1326.609940
1326.832353
1327.303967
1327.407309
1327.753011
1327.852626
1327.906529
1328.309658
1329.067704
1329.565204
1329.922253
1330.585354
1331.156541
1331.221627
1331.590390
1331.632210
1332.095468
1332.908073
1333.096284
1333.215068
1333.757420
1333.905285
1334.878781
1335.634452
1336.763597
1337.715016
1337.904374
1338.029711
1338.654188
1338.813358
1338.870292
1339.261911
1339.820073
1339.997143
1340.260106
1340.780175
1342.014464
1342.164050
1342.501437
1369.718538
1369.806930
1369.913139
1370.136289
1371.211203
1371.284398
1371.667374
1371.673600
1371.783291
1371.995996
1373.325763
1375.432499
1375.563899
1375.631729
1375.645573
1375.661998
1375.672361
1375.675884
1375.682109
1375.698452
1375.706399
1375.723643
1375.744901
1375.769108
1375.775539
1375.803679
1375.869624
1375.952364
1376.030843
1376.958915
1377.196769
1377.657160
1377.881620
1377.890755
1377.891574
1377.916682
1378.129715
1378.323579
1378.325832
1378.522685
1378.549391
1378.661212
1378.904105
1378.915246
1378.970911
1379.325010
1379.501629
1379.594772
1379.720315
1379.849462
1379.894313
1379.978445
1380.000645
1380.251935
1381.039391
1381.041725
1381.072159
1381.663539
1381.728584
1381.750743
1381.755494
1382.233702
1382.324920
1382.711788
1382.755656
1382.807552
1383.181353
1383.198106
1383.272858
1383.292232
1383.356621
1383.445135
1383.480402
1383.533527
1383.735255
1383.893688
1383.966802
1384.042455
1384.099430
1384.133714
1384.173036
1384.187494
1384.372920
1384.464466
1384.488919
1384.596644
1384.774287
1384.793252
1385.123471
1385.137439
1385.185731
1385.257370
1385.277604
1385.555927
1385.599468
1385.791365
1385.830605
1385.941402
1385.965036
1386.245120
1386.294927
1386.538353
1386.576323
1386.582467
1386.727629
1386.819707
1386.903593
1386.917028
1386.920428
1386.975519
1386.977649
1387.223654
1387.273953
1387.717386
1387.718902
1387.886797
1387.974492
1388.013937
1388.101755
1388.237537
1388.394783
1388.453970
1388.540355
1388.671959
1388.782019
1389.217751
1389.283246
1389.327892
1389.346202
1389.685514
1389.880934
1390.037402
1390.091059
1390.248018
1390.256169
1390.714020
1390.894776
1391.127020
1391.299461
1391.314534
1391.516426
1391.745884
1391.859425
1391.925658
1391.928074
1392.016179
1392.322560
1392.371917
1392.405258
1392.746250
1392.810148
1393.241293
1393.291960
1393.369784
1393.451827
1393.762959
1393.809449
1393.834680
1393.937039
1394.010194
1394.080358
1394.206147
1394.396488
1394.699592
1394.760704
1395.020964
1395.137004
1395.266888
1395.393905
1395.426796
1395.564913
1395.586908
1395.833078
1395.855155
1395.896525
1395.907994
1396.184719
1396.726088
1397.547540
1397.665464
1397.760492
1398.167798
1398.327378
1398.340321
1398.618931
1398.762701
1398.862561
1398.866739
1399.071949
1399.197286
1399.245455
1399.289569
1399.303905
1399.555686
1399.984497
1400.070963
1400.147395
1400.307671
1400.503050
1400.951153
1400.993628
1401.128960
1401.194824
1401.483796
1401.549414
1401.616261
1401.685688
1402.224108
1402.235126
1402.454999
1402.539909
1403.234755
1403.284890
1403.309548
1403.347927
1403.553587
1403.742126
1403.801231
1403.909202
1403.996529
1404.072755
1404.115313
1404.205056
1404.558664
1404.564890
1404.821955
1405.105971
1405.386097
1405.907599
1406.732370
1407.301181
1407.605801
1407.876465
1408.029573
1408.081265
1408.132342
1408.180879
1408.332595
1408.385966
1408.459530
1408.623370
1408.768451
1408.947610
1409.038991
1409.871380
1411.519283
1411.574047
1411.618693
1411.705201
1411.899761
1413.152850
1413.305344
1413.410980
1413.482045
1413.498266
1413.508547
1413.565399
1413.575721
1413.643878
1413.777121
1413.982290
1414.780396
1414.830817
1414.907085
1415.093289
1415.277527
1415.496253
1415.539180
1415.545037
1415.579156
1415.657964
1415.666647
1415.692247
1415.697039
1415.745536
1415.945871
1416.005100
1416.052204
1416.073134
1416.084562
1416.141947
1416.223785
1416.269455
1416.371732
1416.674959
1416.715141
1416.797266
1416.853135
1416.908022
1416.918262
1416.980767
1417.127240
1417.282519
1417.678684
1417.852396
1417.976750
1418.068337
1418.116547
1418.252698
1418.300989
1418.373693
1418.458399
1418.489160
1418.859684
1418.878812
1418.990961
1419.019674
1419.062272
1419.435581
1419.540603
1419.777393
1419.821425
1419.942871
1419.977564
1420.118426
1420.135547
1420.214723
1420.457574
1420.580372
1420.632515
1420.710994
1420.843213
1420.887122
1421.028844
1421.119119
1421.460193
1421.527532
1422.228480
1422.409646
1422.563615
1422.666179
1423.173386
1423.967027
1424.270377
1424.360407
1424.454451
1424.591667
1424.676495
1424.714957
1424.719340
1424.830136
1425.674650
1425.875272
1425.904558
1426.095718
1426.496758
1426.574377
1426.725888
1426.803753
1426.818744
1427.696026
1427.759186
1427.839058
1427.900416
1428.002980
1428.227564
1428.401971
1428.414996
1428.543570
1428.691558
1428.757873
1428.779131
1429.132902
1429.146051
1429.235589
1429.397012
1429.486920
1429.547745
1429.578752
1429.653709
1429.794488
1430.009897
1430.720061
1430.806077
1430.903767
1430.993551
1431.220879
1431.772652
1432.263025
1432.393032
1432.518533
1432.591155
1432.591442
1433.051136
1433.095250
1433.106063
1433.229844
1433.549783
1433.743237
1434.562724
1435.323884
1435.526595
1435.629568
1435.845591
1436.243968
1436.670607
1436.700140
1437.400228
1437.686047
1438.317896
1439.109489
1439.836979
1440.556564
1440.651592
1440.831037
1441.230602
1441.460101
1441.490534
1441.602560
1441.930568
1441.959813
1442.064384
1442.131517
1442.333737
1442.494136
1442.722447
1443.124675
1443.140076
1443.176161
1443.263037
1443.354747
1443.854787
1444.508017
1444.862566
1445.495931
1445.810872
1446.398894
1446.704988
1446.827254
1446.910280
1446.986793
1447.031194
1447.126999
1447.347241
1447.365755
1447.637197
1447.655301
1447.897088
1447.980851
1447.996498
1448.107377
1448.124457
1448.438292
1448.543027
1448.780759
1448.868659
1449.387622
1449.431818
1449.523610
1449.541140
1449.610240
1449.670615
1449.843548
1449.979863
1450.402284
1450.436731
1450.443284
1450.472653
1451.066982
1451.268710
1451.392860
1451.649516
1451.762033
1451.982397
1452.233564
1452.973793
1453.020611
1453.199770
1453.249126
1453.783409
1453.927342
1454.308803
1454.357422
1454.657413
1455.050834
1455.654175
1455.783444
1456.271811
1456.997048
1457.780244
1457.868145
1458.191729
1458.342502
1458.848317
1458.931220
1459.039846
1459.153183
1459.201516
1459.353190
1459.625452
1459.668337
1460.083057
1461.011538
1461.236122
1461.843436
1462.002115
1462.083543
1462.235136
1462.289818
1462.301491
1462.430515
1462.440796
1462.609756
1462.644818
1462.742385
1462.948987
1462.995231
1463.052820
1463.123231
1463.163699
1463.193805
1463.620116
1463.697367
1463.742013
1463.806444
1463.821967
1463.826924
1463.948820
1464.228127
1464.367964
1464.550482
1464.705720
1464.776417
1464.820859
1465.078661
1465.297019
1465.377055
1465.609708
1465.737011
1465.803244
1465.893970
1465.940541
1465.944474
1466.086810
1466.546258
1466.593280
1467.023278
1467.061944
1467.073864
1467.084759
1467.188019
1467.564360
1467.702108
1467.879875
1467.935990
1468.033966
1468.197069
1468.438938
1468.544246
1468.628009
1468.641894
1468.827484
1468.906578
1469.079142
1469.287875
1469.404815
1469.553951
1469.874627
1469.941842
1470.276772
1470.296719
1470.365123
1470.372454
1470.511759
1470.512701
1470.733353
1471.426601
1471.461458
1471.545385
1471.619564
1471.652045
1471.702467
1471.855452
1472.043950
1472.107356
1472.196649
1472.223519
1472.328991
1472.381379
1472.416440
1472.442204
1472.511549
1472.614932
1472.723558
1472.841400
1473.105347
1473.173135
1473.184481
1473.189110
1473.417912
1473.630740
1473.803756
1473.914061
1474.109604
1474.284216
1474.349138
1474.523709
1474.575442
1474.941092
1475.001180
1475.186893
1475.231212
1475.348603
1475.381166
1475.534275
1475.650847
1476.009165
1476.117217
1476.123812
1476.224246
1476.488684
1476.599112
1476.671160
1476.687258
1476.702740
1476.763034
1476.861952
1476.938752
1477.078303
1477.160018
1477.202125
1477.289656
1477.347123
1477.411635
1477.634908
1477.672100
1477.869568
1478.089564
1478.330450
1478.394880
1478.557041
1478.586778
1478.714286
1478.746235
1478.879928
1479.088292
1479.170212
1479.209124
1479.305748
1479.336755
1479.691346
1479.816888
1479.888650
1480.087798
1480.241398
1480.292557
1480.326717
1480.376279
1480.466350
1480.627487
1480.900936
1481.321882
1481.441075
1481.624699
1482.927391
1483.455816
1483.593155
1483.613676
1483.671224
1483.755438
1483.833590
1484.065915
1484.612116
1484.639027
1484.845220
1484.938527
1484.952617
1485.058130
1485.194158
1485.246054
1485.327442
1485.431603
1485.532774
1485.586432
1485.609533
1485.620593
1485.680722
1485.685883
1485.751951
1485.815931
1485.910548
1485.974282
1486.118871
1486.177403
1486.630257
1486.681498
1486.918738
1486.959616
1486.999798
1487.030067
1487.074509
1487.149138
1487.204925
1487.390966
1487.450317
1487.484027
1487.502090
1487.515853
1487.659745
1487.944417
1488.006144
1488.046612
1488.048005
1488.173670
1488.464200
1488.467763
1488.695091
1488.778076
1488.987750
1489.038213
1489.184768
1489.335910
1489.666826
1489.753539
1489.822925
1490.234900
1490.272666
1490.304655
1490.371052
1490.690089
1490.712248
1490.788680
1490.990285
1491.222692
1491.268116
1491.281920
1491.286999
1491.430810
1491.475169
1491.511992
1491.711099
1491.748823
1492.153303
1492.247347
1492.333814
1492.479877
1492.573266
1492.647158
1492.717650
1493.011292
1493.147771
1493.528822
1493.639086
1493.654733
1493.871084
1494.012232
1494.160671
1494.253773
1494.372188
1494.408233
1495.030211
1495.135150
1495.245332
1495.279043
1495.347364
1495.829135
1495.878738
1495.912735
1495.975526
1495.984128
1496.119378
1496.343839
1496.698593
1496.699167
1496.832205
1496.927519
1497.017508
1497.057894
1497.136374
1497.202360
1497.535857
1497.621750
1497.756631
1497.806316
1498.427392
1499.255562
1499.325768
1499.969331
1500.051087
1500.159058
1500.313887
1500.415795
1500.502221
1500.932997
1500.997059
1501.210092
1501.428244
1501.774438
1501.933527
1502.094295
1502.468710
1502.536417
1502.569144
1502.622597
1502.883881
1502.976328
1503.106499
1503.155937
1503.297167
1503.576637
1503.818998
1503.847301
1504.018022
1504.201155
1504.249938
1504.289915
1504.310764
1504.895672
1505.045094
1505.450107
1505.503519
1505.572209
1505.684562
1505.850286
1505.942856
1506.040955
1506.064261
1506.103501
1506.282455
1506.378015
1506.567332
1506.657690
1506.824724
1506.857329
1506.912543
1507.202253
1507.529114
1507.710116
1508.082115
1508.278682
1508.392591
1508.464353
1509.032141
1509.080105
1509.316895
1509.401518
1509.486797
1509.633352
1509.802557
1509.931213
1510.090752
1510.293053
1510.417449
1510.446203
1510.603325
1510.700155
1510.810419
1511.241196
1511.614382
1512.034632
1512.088330
1512.148009
1512.273019
1512.829256
1512.936325
1513.611510
1513.839780
1514.009068
1514.113679
1514.233938
1514.301850
1514.476995
1514.657464
1514.754130
1514.794844
1515.452662
1515.826586
1516.034335
1516.138455
1516.206162
1516.310241
1516.427837
1516.637594
1516.712059
1516.902318
1517.380076
1517.544858
1517.589217
1517.726802
1517.804790
1518.306222
1518.389494
1518.962278
1519.322153
1519.397765
1519.513600
1519.565537
1519.619277
1519.639183
1520.217293
1520.411484
1520.699310
1520.852951
1521.615094
1522.198733
1522.275328
1522.369618
1522.856346
1523.143025
1523.152486
1523.587645
1523.650519
1523.712205
1523.774382
1523.924582
1524.001956
1524.075233
1524.095099
1524.099236
1524.327055
1524.704379
1524.755825
1524.786422
1524.928102
1525.137080
1525.175624
1525.234729
1525.321359
1525.396685
1525.463859
1525.569413
1525.683814
1525.901640
1526.420070
1526.893076
1527.954964
1528.049132
1528.304640
1528.856125
1529.087304
1530.037944
1530.199040
1530.698916
1530.865869
1531.429888
1533.272965
1534.329446
1534.867988
1535.289999
1535.563858
1536.712663
1536.763167
1537.030595
1537.043210
1537.082204
1537.187635
1537.442611
1537.702052
1538.034483
1538.139832
1538.219295
1538.271396
1538.407424
1538.447933
1538.533458
1538.579988
1538.720399
1538.779955
1538.867487
1538.961080
1538.972344
1539.065856
1539.194184
1539.411804
1539.520184
1539.614106
1539.719905
1539.786220
1540.474921
1540.547543
1540.683940
1540.838564
1541.171487
1541.234975
1541.297152
1541.351055
1541.368259
1541.526938
1541.612995
1541.630034
1541.691310
1541.792686
1541.850890
1541.945836
1541.984584
1542.004941
1542.039798
1542.211994
1542.295429
1542.406676
1542.481388
1542.491955
1542.594478
1542.705725
1542.828851
1542.901473
1542.944973
1542.977085
1543.029760
1543.109714
1543.380828
1543.415112
1543.610163
1543.773061
1544.006738
1544.098079
1544.259625
1544.392049
1544.492810
1545.129697
1545.166807
1545.187656
1545.584558
1545.646653
1545.976791
1546.091889
1546.216653
1546.382254
1546.481050
1546.812703
1546.959299
1547.056374
1547.445043
1547.599708
1547.814052
1547.961713
1548.316959
1548.377989
1548.572467
1548.591145
1548.933980
1548.957860
1549.203825
1549.244416
1549.337518
1549.603512
1549.975224
1550.036337
1550.374134
1550.553088
1551.008768
1551.304786
1551.420703
1551.509914
1551.839068
1552.388219
1553.094656
1553.124352
1553.316086
1553.467515
1553.656095
1553.982341
1554.070610
1555.020022
1555.060081
1555.401851
1555.604111
1556.026819
1556.087931
1556.209664
1556.218716
1556.332708
1556.423148
1556.531241
1556.604682
1556.657562
1556.776428
1556.935680
1557.034066
1557.059666
1557.131264
1557.189345
1557.227889
1557.245706
1557.879194
1557.969019
1558.010921
1558.253937
1558.312182
1558.433096
1558.615491
1558.668288
1558.702080
1558.789079
1558.826189
1558.963323
1559.178936
1559.505101
1559.654072
1559.765688
1559.898440
1560.109097
1560.232018
1560.343593
1560.396841
1560.487199
1560.798863
1561.354854
1561.472942
1561.550193
1562.268631
1562.386596
1562.658406
1562.823557
1562.870006
1563.423744
1563.772150
1563.886305
1563.904737
1564.002222
1564.016148
1564.159017
1564.459909
1564.862054
1564.985385
1565.147709
1565.497180
1565.563167
1565.657129
1565.761659
1565.844275
1566.312940
1566.730117
1567.022653
1567.488164
1568.006922
1568.413655
1568.457032
1568.489144
1568.710615
1568.819364
1568.825549
1569.092895
1569.305190
1569.340908
1569.461166
1569.955717
1570.040340
1570.110423
1570.215895
1570.345001
1570.375148
1570.733875
1570.824929
1571.205775
1571.333243
1571.467223
1571.694961
1571.906888
1572.417249
1572.428186
1572.462674
1572.782776
1572.812718
1572.910899
1573.090386
1573.148549
1573.333770
1573.455708
1573.579244
1573.594030
1573.704131
1573.777285
1573.834015
1574.194954
1574.256968
1574.339502
1574.645555
1574.743122
1574.834094
1575.109509
1575.271342
1575.628964
1575.699251
1575.730995
1575.781663
1575.792681
1575.944110
1576.214528
1576.712643
1577.039380
1577.395732
1577.941197
1578.676756
1579.108270
1579.231560
1579.353334
1579.846205
1580.045517
1580.259082
1580.564152
1580.752937
1580.884746
1580.908913
1581.377700
1581.430047
1581.499474
1581.552968
1581.608919
1581.802086
1581.928243
1581.994271
1582.002340
1582.083523
1582.110065
1582.782054
1582.920581
1582.970266
1583.031296
1583.151186
1583.525888
1583.548580
1583.606170
1583.689646
1583.955681
1583.973499
1584.575652
1584.579174
1584.594985
1584.627548
1584.676659
1584.762061
1585.174569
1585.266156
1585.283604
1585.313792
1585.441505
1585.570038
1585.974354
1586.102845
1586.437284
1586.562376
1586.990080
1587.086172
1587.147694
1587.311411
1587.348603
1587.431752
1587.803709
1587.946127
1588.859699
1588.952310
1589.000929
1589.230100
1589.255127
1589.668004
1589.705892
1589.837660
1590.019318
1590.225838
1590.501908
1590.965944
1591.261061
1591.653499
1591.786578
1591.953490
1592.062280
1592.085668
1592.253399
1592.386765
1592.438170
1593.144156
1593.184010
1593.308856
1593.607619
1593.645875
1594.013327
1594.412073
1594.460078
1594.568540
1594.687611
1595.177779
1595.518648
1595.601306
1596.085330
1596.147876
1596.195635
1596.454789
1596.771820
1596.863488
1596.929802
1597.103964
1597.388513
1597.524132
1597.593887
1597.626900
1598.085898
1598.094746
1598.214226
1598.582661
1598.664090
1598.693089
1599.100846
1599.480791
1599.561646
1599.756452
1599.795528
1599.836201
1600.053371
1600.054190
1600.101745
1600.147456
1600.179773
1600.291226
1600.632545
1600.823460
1600.941629
1600.966697
1601.091011
1601.095762
1601.349222
1601.454244
1601.743094
1602.086339
1602.326364
1602.334638
1602.718843
1602.938266
1603.260252
1603.628524
1604.090593
1604.223099
1604.345405
1604.511990
1604.739277
1605.388780
1605.443748
1605.889434
1605.906678
1605.960622
1605.999575
1606.372065
1607.158088
1607.804191
1607.889306
1608.964751
1610.067763
1610.777559
1610.874266
1611.782881
1611.849810
1612.119736
1612.224840
1612.525363
1612.803318
1613.401539
1613.452575
1613.461299
1613.633946
1613.674988
1613.897687
1613.934674
1613.968671
1614.223811
1614.417674
1614.535598
1614.632018
1614.685266
1614.776443
1614.876344
1615.101256
1615.154053
1615.215288
1615.641108
1615.923405
1616.133079
1616.304333
1616.348692
1616.369254
1616.394977
1616.519045
1616.763331
1616.833249
1616.834355
1616.870605
1616.926597
1616.965427
1616.995410
1617.012531
1617.122714
1617.187144
1617.205576
1617.245348
1617.712988
1617.743503
1617.848648
1617.975460
1618.693652
1618.794455
1618.891735
1619.003187
1619.072942
1619.149824
1619.409347
1619.493478
1620.118364
1620.601938
1620.692255
1620.735386
1620.755702
1620.846469
1620.910121
1621.920932
1622.869320
1622.878413
1622.957384
1623.121879
1623.830200
1623.893811
1623.924490
1624.010547
1624.274452
1624.797553
1624.812012
1624.902943
1624.917688
1624.918426
1624.937472
1625.409905
1625.795052
1626.026721
1626.164756
1626.344530
1626.463764
1626.559488
1626.675200
1626.730619
1626.836910
1626.910474
1626.950820
1627.003003
1627.230781
1627.501117
1627.733279
1627.958682
1628.034007
1628.333793
1628.527698
1628.832768
1628.996239
1629.028393
1629.158687
1629.515735
1631.476081
1631.708078
1631.839560
1631.947162
1632.561644
1632.785408
1632.965427
1633.395548
1633.663672
1633.903002
1634.025472
1634.540995
1634.587771
1634.625905
1634.736005
1634.923766
1634.984509
1635.077939
1635.170058
1635.580969
1635.611238
1635.623813
1635.653427
1635.698401
1635.773399
1635.816325
1635.885670
1636.004700
1636.205158
1636.235919
1636.323533
1636.326523
1636.409958
1636.764549
1636.873175
1636.992041
1637.034271
1637.122540
1637.196349
1637.250662
1637.347533
1637.507359
1637.692129
1637.803868
1638.491955
1638.878618
1638.912328
1639.059415
1639.188644
1639.261266
1639.323279
1639.405445
1639.542170
1639.722762
1639.730913
1639.857357
1640.012800
1640.283259
1640.336507
1641.158410
1641.274532
1641.410396
1641.831547
1641.902285
1641.980477
1642.564731
1642.692567
1643.016602
1643.046871
1643.307377
1643.356570
1643.362550
1643.401626
1643.557110
1643.559772
1643.763835
1643.924644
1644.039127
1644.179333
1644.283249
1644.583076
1644.685476
1644.800328
1645.022945
1645.158564
1645.165445
1645.252977
1645.340180
1645.695918
1645.698744
1645.717750
1645.719839
1645.788160
1646.201774
1647.355986
1647.384781
1647.792374
1648.001966
1648.015196
1648.083272
1648.092324
1648.110019
1648.151552
1648.771809
1648.957276
1648.962068
1649.153434
1649.405338
1649.623941
1649.638687
1649.672110
1649.752105
1649.965097
1650.344714
1650.466939
1650.543698
1650.667766
1650.728960
1650.813665
1650.949407
1650.965709
1650.969313
1651.237437
1651.256648
1651.425894
1651.575235
1651.655434
1652.007854
1652.278395
1652.445880
1652.594688
1653.074289
1653.444567
1653.544182
1653.682749
1653.861458
1654.016246
1654.048195
1654.135112
1654.213018
1654.262702
1654.269788
1654.426829
1655.218012
1655.429612
1655.826145
1657.237340
1658.185564
1658.659430
1659.215872
1659.284357
1659.510743
1659.784151
1659.808973
1660.044861
1660.173148
1660.381430
1660.418089
1660.473016
1660.493210
1660.511928
1660.530811
1660.594176
1660.899205
1661.006152
1661.266248
1661.457940
1661.658112
1661.844193
1661.952983
1661.974241
1662.038794
1662.089789
1662.111048
1662.203085
1662.235402
1662.254531
1662.304952
1662.329364
1662.482350
1662.760305
1662.853489
1662.919393
1662.981489
1663.448596
1663.618007
1663.727411
1663.757763
1663.816294
1663.950070
1664.145039
1664.301261
1664.410542
1664.446792
1664.524943
1664.552387
1665.029734
1665.098834
1665.178583
1665.386373
1665.419674
1665.439089
1665.476895
1665.651343
1665.760461
1665.791713
1665.828905
1665.848443
1665.850614
1666.056028
1666.264719
1666.563072
1666.697708
1666.865644
1666.986312
1667.096166
1667.288146
1667.385713
1667.486228
1667.769549
1667.824230
1667.869409
1667.934659
1667.965460
1668.032389
1668.079124
1668.453458
1668.837294
1668.895990
1669.023130
1669.066097
1669.441536
1669.558149
1669.604065
1669.618033
1669.655880
1670.132449
1670.398812
1670.494413
1670.591611
1670.914826
1671.090668
1671.187988
1671.275315
1672.228782
1673.216655
1673.507021
1673.539011
1673.700024
1673.950208
1674.050970
1674.058711
1674.068828
1674.149970
1674.258104
1674.317947
1674.540564
1674.590822
1674.638008
1674.653737
1674.718822
1674.728284
1674.747290
1674.882703
1674.969784
1675.074028
1675.120763
1675.191869
1675.211121
1675.268997
1675.297874
1675.317740
1675.319869
1675.739382
1675.824538
1675.908178
1676.089958
1676.618752
1676.695880
1676.811592
1676.943073
1676.966216
1676.991693
1677.015286
1677.031219
1677.350298
1677.603635
1677.639188
1677.733724
1677.780255
1677.797868
1678.027571
1678.168760
1678.257684
1678.306591
1678.594376
1678.629110
1678.651638
1679.064965
1679.135580
1679.499182
1679.575286
1679.630049
1679.768904
1679.785329
1679.905464
1680.115876
1680.274186
1680.672358
1680.864338
1681.005896
1681.122140
1681.180713
1681.270333
1681.365197
1681.553572
1681.605018
1681.722040
1681.986028
1682.057667
1682.463089
1682.691400
1682.773647
1682.873508
1682.988892
1683.021578
1683.271967
1683.354747
1683.402588
1683.469312
1683.925934
1684.165960
1684.242432
1684.768481
1684.998758
1685.082030
1685.174395
1685.427528
1685.464187
1685.503345
1685.602755
1685.750620
1685.878743
1686.049792
1686.057902
1686.063145
1686.139208
1686.249103
1686.624870
1686.775439
1686.831473
1686.859817
1686.863790
1686.873334
1686.881444
1686.903890
1686.922895
1686.925476
1686.933053
1686.956032
1686.966845
1686.967378
1686.983434
1687.012475
1687.050650
1687.341998
1687.516160
1687.975649
1688.095416
1688.393687
1688.614380
1688.716861
1688.836219
1689.188475
1689.288335
1689.564324
1689.567560
1689.770435
1689.853583
1689.911869
1689.945293
1689.946972
1689.954877
1690.071122
1690.109706
1690.113024
1690.131128
1690.169467
1690.179379
1690.421371
1690.428867
1690.437632
1690.904371
1692.260721
1692.279071
1692.349112
1692.423250
1692.516680
1692.586312
1692.784886
1692.938281
1692.954296
1692.970066
1693.072466
1693.095444
1693.111255
1693.175890
1693.391872
1693.549158
1693.594173
1693.754778
1693.900923
1694.038671
1694.510940
1694.523392
1695.035023
1695.330673
1695.528878
1695.572623
1695.596175
1695.699231
1695.930040
1696.222822
1696.231342
1696.324977
1696.457605
1696.502620
1696.507904
1696.572375
1696.624435
1696.637542
1696.921395
1697.093181
1697.280696
1697.290240
1697.531372
1697.570120
1697.588634
1697.591050
1697.598956
1698.018550
1698.056520
1698.566267
1698.940805
1699.464438
1699.693036
1699.841516
1700.138189
1700.189430
1700.226580
1700.381696
1700.502938
1700.592271
1700.735181
1700.813005
1701.020754
1701.152686
1701.187133
1701.226783
1701.801001
1701.899715
1702.006006
1702.030541
1702.437601
1702.494781
1702.610903
1702.650102
1702.946775
1703.054131
1703.076168
1703.270400
1703.619133
1703.673692
1703.720468
1703.758725
1703.947510
1704.023818
1704.042291
1704.360509
1705.496658
1705.597297
1705.644483
1705.903145
1706.729677
1706.949878
1707.223859
1707.305820
1708.140216
1708.169748
1708.529541
1708.583035
1708.836618
1709.298852
1709.361357
1709.485097
1709.546578
1709.762191
1709.769892
1709.782303
1709.805322
1710.002708
1710.107894
1710.398546
1710.566687
1710.601421
1710.676091
1710.799421
1711.289508
1711.624397
1711.968748
1712.273695
1712.328540
1712.364708
1712.565658
1712.589906
1712.611901
1712.685752
1712.709591
1712.734331
1713.225114
1713.381130
1713.594778
1714.259026
1714.871132
1714.921431
1714.935644
1714.984796
1715.263119
1715.540050
1715.723510
1715.909345
1716.937523
1717.029315
1717.091246
1718.192497
1718.696059
1718.726697
1718.764134
1719.317996
1720.437596
1720.541676
1720.570348
1720.989737
1721.453732
1722.075095
1722.800742
1722.869023
1723.226399
1723.451720
1723.553833
1723.617690
1723.898552
1723.902157
1724.008038
1724.072837
1724.417720
1724.979978
1725.050307
1725.203538
1725.852713
1725.860413
1726.220984
1726.304092
1726.539694
1726.550958
1726.820147
1726.979727
1727.082455
1727.180677
1728.125133
1728.207585
1728.240271
1728.328704
1729.292411
1729.768735
1729.865564
1730.027930
1730.144297
1730.286920
1730.807439
1730.899804
1731.137413
1731.230065
1731.262710
1731.623485
1731.923354
1732.178739
1732.631060
1733.075436
1735.793132
1735.967212
1736.312914
1736.824750
1737.204818
1739.446026
1739.541709
1741.028229
1741.784023
1742.045512
1742.045798
1742.055219
1742.168965
1742.222049
1742.338662
1742.362747
1742.952284
1743.161631
1743.442166
1743.525315
1743.540224
1743.899238
1743.923118
1743.948636
1744.403456
1744.586465
1744.605266
1744.628285
1744.687800
1744.895672
1744.961741
1744.970056
1744.986931
1745.502904
1745.543086
1745.663508
1745.799823
1745.952317
1745.991434
1746.467308
1746.633687
1746.799780
1746.899517
1746.982543
1747.140854
1747.618529
1747.737805
1748.329062
1748.354048
1748.764959
1748.854211
1748.926464
1749.297234
1749.456855
1749.505516
1749.754061
1749.852897
1750.247219
1750.624543
1751.004979
1751.973478
1751.982244
1752.163123
1752.474993
1752.758641
1753.949635
1754.606182
1754.630881
1754.736271
1755.704197
1755.804631
1755.908628
1756.030239
1756.094218
1757.093765
1758.183342
1759.622390
1760.500490
1760.515400
1761.306952
1761.431511
1762.089329
1762.497946
1762.552955
1763.609027
1763.809690
1765.475369
1765.546680
1765.858591
1766.677627
1767.001129
1767.064248
1767.093453
1767.127122
1767.957258
1768.045773
1768.660992
1768.982692
1769.002762
1769.271788
1769.406669
1769.618268
1770.934149
1770.994442
1770.996408
1771.069809
1771.482808
1772.099707
1772.517048
1772.618138
1772.633129
1773.127066
1774.303764
1776.052429
1776.066355
1776.116531
1776.152207
1776.288768
1776.452813
1776.830587
1776.925737
1777.316946
1777.736499
1778.047263
1778.130493
1778.244895
1778.937242
1779.133153
1779.227853
1779.657359
1779.681690
1780.297400
1781.358879
1781.587886
1781.732884
1781.782118
1781.865308
1781.905285
1782.035128
1782.150513
1782.853550
1783.377510
1784.597668
1784.936653
1785.285509
1786.673439
1787.228611
1787.286733
1787.545805
1788.418540
1789.133292
1789.152829
1789.429268
1790.360822
1792.175800
1792.294871
1792.367657
1792.415990
1792.438518
1792.671457
1792.884941
1793.066967
1793.489633
1793.576837
1793.585521
1793.615995
1793.697792
1793.729249
1793.771233
1793.781555
1794.019983
1794.191114
1794.271846
1794.403901
1794.660188
1794.888991
1794.913853
1795.324150
1795.430154
1795.629261
1795.734405
1795.787612
1795.842130
1795.941868
1797.105705
1797.161288
1798.986220
1799.498179
1799.958159
1800.270520
1800.284938
1800.654848
1800.689213
1801.477448
1801.916170
1802.098033
1803.256627
1803.284316
1803.512996
1804.243149
1805.072220
1805.149512
1805.268132
1805.302866
1805.837558
1805.961789
1806.500413
1806.591386
1807.148728
1807.249695
1807.335834
1807.497216
1810.748662
1811.883868
1812.018708
1812.197663
1812.438262
1812.460585
1814.754632
1814.897172
1815.202775
1815.269212
1816.790671
1816.819384
1816.961925
1817.218785
1817.356820
1817.530327
1818.032210
1818.080625
1818.121093
1818.429235
1818.486374
1818.541588
1818.875044
1818.892411
1818.901217
1820.242207
1820.840960
1820.979937
1821.007421
1821.085164
1822.043136
1822.116618
1822.490460
1822.958264
1823.880356
1825.099735
1825.140613
1825.637294
1825.694269
1826.221261
1826.370601
1826.645934
1827.323372
1827.892183
1827.923599
1828.012564
1828.655636
1828.678287
1828.714496
1828.808950
1829.007401
1829.099889
1829.247345
1829.406188
1829.431706
1829.435761
1829.709660
1829.715886
1829.778473
1830.002074
1830.425436
1830.599926
1830.898401
1830.997197
1831.362970
1831.472128
1831.704863
1831.845274
1831.930593
1832.276746
1832.493588
1832.504525
1832.557978
1832.623677
1832.887951
1832.908554
1833.199616
1833.328108
1833.554452
1834.609623
1834.974740
1835.721277
1835.860050
1836.159918
1836.251914
1836.842435
1837.032940
1837.067264
1837.090898
1837.579223
1837.647503
1837.740032
1837.878354
1838.015939
1838.259405
1838.899937
1839.161836
1839.368315
1839.377326
1839.908413
1840.441999
1840.554025
1840.882975
1841.019208
1842.188943
1842.272707
1842.355937
1842.734940
1844.257751
1844.296049
1844.694548
1844.757053
1845.112013
1845.302272
1845.515633
1847.061463
1849.501737
1851.144929
1851.536343
1852.048138
1852.181217
1852.293857
1852.329288
1852.499804
1853.008323
1853.500498
1853.811384
1854.927995
1855.231017
1855.378473
1855.457403
1855.602852
1855.783772
1855.854715
1855.945277
1856.707748
1856.965181
1857.117389
1857.125704
1857.474642
1857.838203
1858.336031
1859.252224
1859.780608
1859.933716
1861.170299
1861.883208
1866.006856
1867.043881
1867.742290
1868.675768
1868.694979
1869.019955
1869.384253
1869.548462
1869.837230
1869.859881
1869.951427
1870.072586
1870.082376
1870.112317
1871.459615
1871.769108
1871.895142
1871.930573
1872.229089
1872.478536
1872.512983
1872.592650
1872.753869
1873.350083
1874.091008
1874.671247
1874.835988
1875.321160
1875.515843
1875.851510
1876.729160
1877.390459
1878.005309
1878.280970
1878.463160
1878.503875
1878.842409
1880.023532
1880.945172
1881.017426
1881.968599
1882.160906
1882.885898
1883.210424
1883.752202
1884.660163
1885.496648
1885.966459
1886.168228
1886.634926
1887.115551
1887.333376
1887.339192
1887.695503
1887.805850
1888.289014
1888.297492
1888.306872
1888.324116
1888.391864
1888.628122
1888.667853
1888.735232
1888.781230
1888.898785
1888.953016
1889.017283
1889.101783
1889.110057
1889.660314
1889.855611
1890.036122
1891.911762
1891.973734
1892.697580
1893.525709
1893.723628
1893.871534
1893.938012
1894.933012
1895.203308
1896.885002
1896.910316
1897.111593
1897.161277
1897.928294
1898.340925
1898.372465
1898.822492
1899.035443
1899.325604
1899.918172
1900.014182
1900.016640
1900.097249
1900.459254
1901.362668
1901.488087
1901.561610
1902.446920
1903.012577
1903.343534
1903.361065
1903.421850
1903.924347
1904.120586
1904.195748
1904.759890
1905.016627
1905.381581
1907.767009
1907.968205
1907.988644
1908.027965
1908.048773
1909.089812
1909.627535
1909.662188
1909.675418
1909.996298
1910.689669
1911.199826
1911.564739
1911.814799
1912.642806
1913.744835
1914.226565
1914.310902
1914.785628
1915.003658
1916.159590
1916.589875
1917.051331
1918.201774
1921.258373
1921.781023
1922.412626
1922.415657
1922.445926
1922.552054
1922.653020
1922.874696
1923.063726
1923.157320
1924.640031
1925.993062
1926.084280
1926.130893
1926.574981
1927.263109
1927.469056
1927.484662
1927.735419
1927.764828
1928.254423
1928.384676
1928.497603
1928.585462
1928.954593
1929.284321
1930.125804
1930.283213
1930.590167
1931.111383
1933.323510
1933.522657
1933.654548
1933.769196
1933.792297
1933.807329
1933.835305
1935.091384
1935.295119
1935.308063
1935.396250
1935.573770
1935.686492
1935.760507
1935.824978
1935.842509
1935.897723
1935.901655
1936.057180
1936.273121
1936.417956
1936.697917
1937.246413
1937.254851
1937.268777
1937.346150
1937.466696
1937.646756
1937.793802
1937.896858
1937.981932
1938.200740
1938.218516
1938.252431
1938.984960
1939.335864
1939.425812
1939.892347
1939.972465
1940.399473
1942.594437
1943.164150
1943.579812
1943.598817
1943.662182
1943.699005
1943.792148
1943.840727
1943.849697
1945.884385
1946.517422
1946.895483
1947.172700
1948.199199
1948.475679
