35.360973
37.878620
37.903073
38.169395
38.353920
38.525624
38.640886
39.157228
40.196710
40.211292
40.228823
40.244470
40.277238
40.283095
40.294646
40.307548
40.329052
40.341832
40.355062
40.369848
40.381235
40.394015
40.404992
40.415969
40.430019
40.439112
40.458404
40.469791
40.485806
40.941650
40.957338
40.993055
41.100288
41.121710
41.631744
41.708134
41.724355
41.752125
42.798039
42.814669
42.863124
42.877870
42.935869
43.487478
43.670733
46.092984
46.174986
46.304010
46.514381
47.859302
50.251530
50.362696
50.449490
50.486272
51.447562
51.461898
51.475292
51.486925
51.498844
51.511296
51.517317
51.528950
51.535258
51.544883
51.556557
51.573023
51.583263
51.592806
51.604849
51.623199
51.633070
51.646546
51.657851
51.671163
51.683697
51.705242
52.177633
53.492613
56.511898
57.138545
57.147146
57.159148
57.171354
57.193103
57.344451
57.463112
57.723494
57.749176
57.794068
58.370171
60.380119
62.580285
62.605722
62.656389
64.343695
64.351683
64.373391
64.746742
64.765338
64.798106
64.816169
64.864010
65.857331
66.693857
66.728264
66.732933
66.752061
66.777743
66.827264
66.837258
66.845901
66.861711
66.901770
66.922906
66.944369
66.963620
67.986801
68.703191
68.731085
69.080228
69.144084
69.264957
69.318410
69.688730
69.777695
69.793997
70.998630
72.204902
73.628344
73.640878
73.651855
73.674670
76.033229
76.112241
77.988700
78.019625
78.033224
78.071931
78.087660
78.119772
78.182646
78.192804
78.215946
78.241997
78.274765
78.288486
78.309786
78.563205
78.576026
78.586675
78.615593
78.639759
78.647460
78.660731
78.669169
78.694769
78.716723
78.760714
81.892311
81.926676
83.452150
83.471032
83.480699
85.950218
86.124995
86.156780
86.197576
89.270436
89.321718
89.385574
89.413468
89.425183
89.438659
89.448161
89.459917
89.468641
89.476342
89.489981
89.964667
89.973596
89.984737
89.994977
90.005340
90.023485
90.046095
90.062971
90.094182
90.108068
90.120602
90.146243
90.250117
90.304430
90.580541
90.596966
90.609541
92.826419
92.854927
92.866601
92.890030
92.897526
92.907356
92.923863
92.950036
92.964987
92.981494
92.989768
93.001605
93.016883
93.028434
93.045473
93.559153
93.589053
96.714916
96.799498
96.816005
96.826941
96.880558
96.891576
96.926188
97.859625
97.874452
97.895055
97.903985
97.913283
97.925079
97.933394
97.943839
97.952440
97.964769
97.974845
97.992417
98.020803
98.325914
98.405417
98.951496
100.829389
101.914010
101.933548
101.949481
101.957304
101.967012
101.977129
101.999575
102.013911
102.020014
102.031811
102.039142
102.058639
102.068183
102.080594
102.091899
102.110495
102.124380
102.520504
102.533734
102.544425
102.556221
102.565560
102.580101
102.589440
102.600540
102.613115
102.630646
102.648586
102.665462
102.702285
102.776177
102.788956
102.865879
102.877143
102.891930
102.913024
102.923510
102.943171
102.962749
102.969795
102.990316
103.005266
103.016980
103.028122
103.055155
103.075062
103.094026
103.873782
103.966925
103.988634
104.005960
104.039342
104.161280
105.467986
105.702031
105.763840
105.797059
105.807012
105.858417
105.978143
106.001080
109.728932
109.785170
110.661837
111.331738
112.236995
112.265667
112.293315
112.328294
112.351887
112.597524
115.742556
116.189716
116.196721
116.213842
116.240753
116.248207
116.256973
116.267090
116.275282
116.285153
116.303135
116.314808
116.322468
116.337213
116.348805
116.359946
116.369490
116.387226
116.419052
116.438139
116.455219
116.472627
116.483072
116.497162
116.514488
116.547502
116.849172
116.859740
116.873052
116.883620
116.897300
116.909834
116.918190
116.931297
116.942397
116.951327
116.972503
116.983726
117.014651
117.488476
119.523205
119.576330
119.593001
119.607050
119.635722
119.649444
119.665050
120.384184
121.132728
122.216776
122.291855
122.319749
122.602783
122.623590
122.655375
123.315814
125.438444
125.457654
125.469655
125.481001
125.495747
125.506888
125.514260
125.527040
125.551698
125.575291
125.593600
125.629030
125.643940
125.653647
125.666796
125.678019
125.692518
126.043914
126.086840
127.141028
127.158190
127.191204
127.207997
127.221350
127.229256
127.248876
127.267471
127.284183
127.321743
127.343616
127.355740
127.372411
127.386911
129.055785
129.069343
129.077658
129.089659
129.107476
129.121690
129.238589
131.427656
131.444040
131.465421
132.071875
132.078961
132.095549
132.114022
132.130693
132.144005
132.169974
132.212654
132.226949
132.983849
133.004247
134.677709
134.721208
134.866043
135.905812
135.919124
135.956316
136.891761
136.934359
136.988344
137.021358
137.084355
137.791734
138.181714
138.195354
141.094216
141.145866
141.174497
141.190021
141.200302
141.215457
141.227663
141.248471
141.267845
141.276283
141.288407
141.303276
141.319045
141.333422
141.346120
141.360701
141.370941
141.380813
141.555180
142.594253
142.610391
142.623867
142.635909
142.649221
142.676910
142.721597
142.755840
143.216067
148.832829
148.856955
150.033777
150.070682
150.103777
150.124831
150.403154
150.450012
150.589932
150.620447
150.715802
150.781174
150.824305
152.457298
152.521482
152.544379
152.559616
152.576696
152.581980
152.594432
152.607416
152.617902
152.626258
152.639898
152.649114
152.665989
152.675000
152.695439
152.712151
152.721777
152.733000
152.739471
152.751473
152.764826
152.773919
152.785388
152.821268
152.878367
153.310618
153.327493
153.342239
153.378488
153.399255
153.412076
153.424855
153.437348
153.452585
153.465405
153.472778
153.482895
153.495757
153.515213
153.525617
153.535201
153.548636
153.559368
153.566659
153.575875
153.591153
153.608724
153.630228
153.651487
154.032538
154.998620
155.014062
155.054121
155.214930
156.623790
156.675154
156.752241
156.768256
156.788695
156.812452
156.821996
156.840100
157.425500
157.476291
159.090565
159.113626
161.301340
161.325752
161.347052
161.393254
161.830257
161.848771
162.370437
162.394112
162.404925
162.421555
162.549228
163.109437
163.130122
164.160307
164.171407
164.185498
164.198973
164.203848
164.213391
164.221460
164.229734
164.240589
164.251197
164.263240
164.291174
164.306330
164.324229
164.346266
164.367729
164.385874
164.398408
164.604232
165.439037
165.499126
165.525381
165.542420
167.797924
171.828101
171.838956
171.852800
171.870863
171.891630
171.901624
171.911086
171.935457
171.959910
171.971953
171.986657
172.000420
172.054036
174.622392
174.635213
175.425946
177.341932
177.362780
177.381499
177.427497
177.770947
177.808589
177.844101
177.922990
177.939497
182.499533
182.517555
182.540206
182.588416
182.611886
182.646784
184.845394
185.943859
186.008945
186.043884
187.485594
187.524628
187.542282
187.554570
187.562271
187.584881
187.597414
187.614700
187.643740
187.654758
187.664794
187.681178
187.698381
187.721564
187.764654
187.782595
187.803116
188.023194
188.035523
188.060918
188.074844
188.089385
188.104335
188.167373
188.190720
188.224676
188.251832
188.882493
189.424804
190.341489
191.551570
193.317110
193.331937
193.349837
193.362493
193.375928
193.386824
193.402757
193.413857
193.430405
193.474437
193.487667
193.498112
193.505812
193.520599
193.544765
193.557709
193.572413
193.581507
193.593999
194.061107
194.083881
194.699837
195.283968
195.312148
195.353928
195.372933
195.430851
195.557212
197.291049
197.308047
197.322670
197.401190
197.419254
197.587067
197.632532
201.896223
202.004480
202.018570
203.198423
203.208745
203.232092
203.361976
203.401667
203.457454
205.651067
205.684244
205.720453
205.768499
205.886013
206.018929
206.045061
206.064763
206.109819
206.125752
206.154506
206.201610
206.778696
206.875034
206.891377
206.965842
208.205332
208.223109
208.231588
208.250552
208.292946
208.315720
208.324813
208.351355
208.360980
208.414269
211.922125
212.006584
213.410898
213.427855
213.440758
213.466604
213.480899
213.567857
213.916672
213.956035
213.980611
214.018499
214.032712
214.070927
214.081618
214.099231
214.125158
214.144369
214.160671
214.174065
214.185124
214.204785
214.214697
214.236529
214.251315
214.281011
214.301573
214.335611
214.614671
214.640845
216.851210
216.941240
216.964833
216.995062
217.065021
217.121546
217.688474
217.706045
217.788129
217.805824
220.214886
220.226396
220.246589
220.274115
220.346982
222.278943
222.290862
222.304215
222.315766
222.344520
222.369628
223.636767
223.655485
223.680963
223.716393
223.873966
225.073848
225.190134
225.223148
225.937736
227.184312
227.196355
227.218473
227.241124
227.259884
228.172882
229.477458
229.500191
229.522227
229.527183
229.534925
229.554299
229.568430
229.577564
229.592105
229.599683
229.610045
229.619220
229.635564
229.644206
229.654733
229.665464
229.675500
229.692006
229.741445
229.773640
229.799690
229.956977
229.977088
230.001869
230.021120
233.530040
233.748603
235.667497
235.679130
235.699692
235.751956
235.758592
235.772436
235.799060
235.812946
235.826094
235.836252
235.847803
235.887452
235.901788
235.921654
235.938202
235.991900
236.007588
236.030812
236.256133
236.280709
236.295209
236.317327
236.337439
236.351488
236.364268
236.382536
236.396134
236.414566
236.492718
237.051249
237.800899
239.523717
239.544812
239.593554
239.604859
239.632753
239.654298
239.681618
239.748506
241.957396
241.979064
242.007245
244.114801
245.988762
246.001828
246.016287
246.032548
246.041969
246.054339
246.064046
246.086246
246.094029
246.101934
246.112502
246.125240
246.138552
246.160302
246.178939
246.193439
246.235750
246.259958
246.283141
247.031849
247.379886
247.403930
247.422771
247.447675
248.867471
248.930304
251.094794
251.111916
251.127767
251.153859
251.182039
251.357389
251.430543
252.778045
252.801270
252.867502
252.883886
253.096673
253.113999
254.146683
254.391665
254.999757
255.015199
255.028797
255.037399
255.045878
255.060623
255.073034
255.084093
255.098388
255.107359
255.115100
255.124767
255.151022
255.164539
255.182152
255.192637
255.218074
255.230075
255.241830
255.270134
255.307530
255.340790
255.355003
255.367700
255.915254
255.934587
255.953551
255.981363
256.005816
256.131686
256.154296
257.275412
259.170099
259.718963
259.778765
259.792568
259.820298
259.841597
260.642406
260.681933
260.708147
260.717896
260.737106
260.748083
260.753080
260.760494
260.774871
260.783309
260.795924
260.812677
260.828897
260.850319
260.866048
260.897956
260.923310
260.943340
260.960420
260.980531
261.309030
261.458084
263.745454
263.777321
263.837614
263.854776
263.870669
263.890125
263.961518
263.975117
264.765317
264.909169
265.006203
267.107410
267.127276
267.135795
267.149476
267.163484
267.171963
267.178803
267.200512
267.214356
267.222671
267.239383
267.255931
267.266540
267.275837
267.290911
267.301601
267.314872
267.337032
267.348050
267.365212
267.381637
267.521147
267.535401
267.565179
270.381588
270.396088
270.404157
270.439342
270.449336
270.465761
270.489723
270.528266
270.545715
270.570988
270.611169
270.626898
270.645289
272.081756
272.108626
272.130908
273.461125
273.518633
273.533215
273.545789
273.570980
273.587405
273.642988
278.074409
279.318200
279.342203
279.627162
279.652106
279.672095
279.717110
279.749181
279.764951
279.808000
281.077350
282.719683
282.739139
282.759332
282.776535
282.798776
282.816963
282.847846
282.864968
282.878607
282.892861
282.904781
282.933453
282.983342
283.369390
283.380449
283.406090
283.426488
283.443282
283.452867
283.466793
283.493294
283.514184
283.532370
283.547034
283.562639
283.602862
283.644396
284.407071
286.527201
286.799585
286.825103
286.839194
286.856397
286.871839
286.888018
286.908662
286.940324
286.949622
286.959862
286.971617
286.981079
286.996562
287.005409
287.019459
287.032566
287.051162
287.090852
287.133082
287.183790
287.248097
287.261245
287.275909
287.282135
287.288566
287.297946
287.312732
287.344108
287.361802
287.389532
287.551201
288.076145
288.105554
288.127181
288.156590
288.187269
290.658959
291.229082
292.597432
292.609679
292.626719
292.641751
292.671406
292.681646
292.696760
292.719329
292.741448
292.761969
292.779827
292.790272
292.801946
292.829020
292.845240
292.857569
292.867727
292.881654
292.891484
292.900413
292.916675
292.928963
292.937933
292.950999
292.985446
293.006131
293.271675
293.336678
293.383946
293.749473
293.799813
293.829714
293.869036
293.938708
293.952594
294.404178
294.414828
294.430392
294.452511
294.480568
294.549914
294.631096
295.326556
298.444268
298.490061
298.560471
298.582262
298.611548
300.165939
300.188631
300.660244
300.683756
300.702310
300.720169
302.039491
302.053540
302.068449
302.081556
302.094868
302.108959
302.123827
302.134231
302.204477
302.215455
302.230569
302.247649
302.261903
302.285742
302.332273
302.378394
302.401864
302.460846
302.715003
302.746706
302.762230
302.790697
302.813020
302.822892
302.836941
302.850335
302.859264
302.878679
302.887977
302.902231
302.964695
302.993777
303.003935
303.027610
303.082045
303.098675
303.136563
303.153889
303.172649
303.186944
303.231468
304.185303
304.203039
304.217948
304.237773
304.287949
308.957553
308.969882
308.986225
309.001912
311.934853
311.990764
314.636657
314.646487
314.675896
314.734838
314.772234
314.800251
314.855956
314.872422
315.863450
317.147259
317.165978
317.525238
318.950400
319.032934
319.044485
321.029652
321.041121
324.180951
324.246856
324.280852
324.296540
324.361912
324.613816
326.129172
326.713344
329.396183
331.531223
331.578819
331.724841
331.793859
334.842634
334.864466
335.246459
337.729823
337.768489
338.010030
338.099323
338.823250
338.831606
338.843976
338.868429
339.548406
343.034143
343.978189
343.992975
344.041964
344.339907
349.257318
350.410465
350.767596
350.797742
350.822318
350.855045
350.877327
351.340462
351.373926
351.392317
351.423488
355.210486
356.022927
356.532224
356.547052
356.995400
357.047214
357.064172
357.080760
357.139784
357.150351
357.207941
360.789647
360.815534
363.890483
363.919811
363.956019
363.985510
364.005990
364.019302
364.033393
364.750848
364.763546
370.907259
370.929377
370.944819
370.961203
370.993316
371.005112
371.028500
371.043738
371.057213
371.074417
371.083100
371.094733
371.108086
371.122422
371.145605
371.163382
371.199181
371.281797
371.296543
371.833897
375.203717
375.211049
375.226860
375.252337
375.277814
375.288300
375.295099
375.307018
375.317176
375.329423
375.347282
375.372513
375.387423
376.477000
377.549660
378.451395
378.479698
378.498048
379.262157
379.314913
379.679703
379.724349
379.754455
379.921367
380.016517
386.838036
386.853560
387.138970
387.259679
387.296051
387.327795
387.337339
387.357327
387.367158
387.385098
387.397181
387.415491
387.425485
387.507159
388.356547
388.381082
388.394312
388.404183
388.449731
388.485366
388.496589
388.905779
390.410363
394.767565
394.778419
394.802258
394.835067
394.886513
394.954383
395.395277
395.479491
396.051292
396.072755
396.128584
396.143084
396.551291
396.575334
397.136323
397.867049
397.878764
397.915341
399.417754
399.434465
399.460557
399.485051
399.501189
402.914796
402.941215
402.974106
403.038904
409.387418
409.408020
409.417523
409.442836
409.452257
409.469010
409.473843
409.488056
409.498583
409.506243
409.522995
409.532170
409.543639
409.561539
409.572925
409.586647
409.595494
409.610527
409.887621
409.916129
412.545311
413.522330
413.542400
413.657702
413.673964
413.690675
413.721518
413.802660
413.830513
413.853286
413.887898
417.206518
419.017605
419.327017
419.343688
419.443548
419.857572
419.902177
419.918684
422.923919
422.940754
422.991380
423.030497
423.049298
423.097631
424.888197
424.914043
424.936735
424.960860
425.192735
425.237955
425.259008
425.799025
425.814098
427.566612
429.468631
429.530931
430.281851
430.298276
432.818053
432.835789
436.514980
436.524646
436.547707
436.563231
436.620370
436.647731
436.676076
436.705362
436.720067
436.734075
436.747059
437.420155
437.440635
438.094479
438.106808
438.121021
438.131220
438.190940
438.210724
438.246031
438.256845
438.266962
438.275195
438.294446
438.304317
438.316524
438.336430
438.349537
438.369812
438.407782
438.731203
438.740296
438.806323
438.825329
438.894100
438.966026
438.991217
439.017308
439.043195
439.065272
439.082967
440.544993
443.240940
447.339028
447.402025
447.430943
447.448924
447.714427
447.830794
447.897846
447.954289
448.096707
448.407552
448.424223
448.432415
448.448102
448.461087
448.470712
448.484516
448.495985
448.514949
448.538829
448.549069
448.573317
448.611942
448.871793
448.900997
448.937124
449.389036
450.330460
453.481349
453.531443
453.604639
453.642117
453.660795
453.734359
453.792932
453.809766
453.828690
453.842289
454.129254
454.140969
454.162842
454.188483
454.238986
454.282732
454.305055
454.327501
454.421504
455.467581
455.864074
455.896760
455.952466
455.981466
456.047288
457.882993
457.905971
457.920307
457.944556
457.985843
458.013655
458.053468
458.103071
458.561905
459.176796
459.381678
459.411825
459.511726
459.529462
459.561083
459.824046
459.839693
459.854520
463.545180
471.130440
471.143834
471.155630
471.204250
471.253156
471.276462
471.299727
472.312300
472.327127
472.367677
473.383199
474.249544
474.261176
474.433167
474.870497
474.918298
475.026719
475.059814
475.125883
475.341455
475.361157
475.499643
475.623096
477.544120
477.564436
477.686907
477.816259
477.860946
481.736909
482.648596
482.705244
482.756485
482.848440
483.550659
483.893699
486.006538
486.114304
487.850680
487.869604
488.131011
488.156570
489.223905
491.554816
491.592704
493.369713
493.376471
493.424067
493.458145
493.482803
493.509263
494.558208
494.567711
494.590321
494.622188
496.979313
497.473536
497.514455
497.529037
497.536164
497.542431
497.554227
497.563402
497.569260
497.578353
497.586504
497.604977
497.610588
497.620173
497.645609
497.661338
497.685750
497.703076
497.912627
497.979638
498.531205
498.539479
499.049349
499.144212
499.476480
501.818982
502.089441
504.323809
504.373699
504.496415
504.510054
504.529469
504.563630
504.591360
504.652308
504.662671
504.671355
504.695562
504.735662
506.278543
506.609746
506.627768
507.029955
507.651768
507.667866
507.679375
507.704689
507.720253
507.755561
507.780424
509.801800
509.861519
511.209677
513.110303
513.126195
514.285486
514.683699
514.815386
514.844877
514.866463
515.406807
515.448136
516.041892
516.073226
516.096860
516.119429
516.718551
516.734403
516.744233
517.922734
517.930598
517.941780
517.984174
518.019236
518.045696
518.481388
518.498959
518.523290
518.584934
518.609633
519.137526
519.157391
521.684050
521.708093
521.734554
521.756303
521.779364
522.414162
522.422600
522.457375
522.467615
522.571899
522.581033
522.595164
522.630226
522.757612
522.812785
522.831667
522.877911
522.904699
522.917315
522.934845
522.966344
522.976461
523.028480
524.931277
529.727447
529.765827
529.789379
529.869947
529.913037
529.963254
532.976476
532.996833
534.059090
534.095749
534.123315
534.301573
534.309192
534.544835
539.442094
539.457454
539.566080
541.126492
541.144965
541.211607
541.241836
541.291110
541.304996
541.363528
541.380157
541.428736
548.518134
548.531118
549.377434
549.529969
554.016031
554.045809
555.130839
555.610685
555.633500
560.769024
563.232031
563.251118
564.738867
564.789699
564.799365
564.809400
564.819313
564.840448
564.870431
564.909752
564.956078
565.027144
565.069169
566.077481
566.092063
566.102139
566.769459
566.849905
569.096438
569.870868
569.915433
569.941565
570.061169
571.809341
573.777428
574.387978
574.408499
574.424760
575.694643
577.835336
577.876992
581.319926
581.332746
581.347205
581.354127
581.378703
581.384847
581.393449
581.402460
581.414994
581.428593
581.439939
581.447475
581.460419
581.471683
581.482045
581.497938
581.511578
581.527962
581.547663
581.590630
581.617336
581.630075
581.644861
581.661041
581.759017
581.988844
582.027592
582.040248
582.179021
583.328973
583.339950
583.356621
583.385252
583.427154
583.477658
584.001946
584.018248
584.067564
585.115648
585.139241
585.214116
585.237299
585.277686
585.302876
585.311150
585.329500
585.350922
585.363988
585.378939
585.446810
585.465774
585.497641
586.471547
586.487194
587.275141
587.473715
587.968102
589.275955
589.435822
589.513892
589.530071
589.555876
589.567222
589.577503
589.595116
589.617234
589.637714
589.647667
589.676380
589.688668
589.705708
589.717463
589.729505
589.742449
589.757358
589.764198
590.106952
590.121820
590.129357
590.142505
590.151885
590.172611
590.192108
590.223811
590.240236
590.285210
590.293524
590.313185
591.086920
592.312320
592.388506
592.469565
592.515932
595.300844
595.362447
596.401480
597.014405
597.029929
597.039636
597.054833
597.074207
597.114266
597.126554
597.139169
597.186519
599.982776
602.935337
604.283781
605.396541
606.793933
607.436431
607.453389
609.365320
609.424589
611.883254
612.144865
612.918026
612.953211
614.291415
615.275151
615.293501
615.317217
618.879918
618.933084
619.657626
619.667456
619.673231
619.685765
619.693670
619.698749
619.736146
619.744666
619.790909
620.851651
621.473874
621.484196
621.494559
624.090972
624.128942
624.163799
624.341852
626.014290
626.030510
627.870433
627.886858
628.127293
628.216504
629.452022
692.261601
692.324721
693.042463
693.142282
694.568346
694.609756
694.625403
694.640763
695.609876
695.643628
696.141251
700.607775
704.560333
704.568074
704.803226
704.810148
704.871178
706.062500
706.076508
706.097766
706.106040
706.122547
706.141471
706.155110
706.173624
706.186650
706.199921
706.224046
706.258739
706.483569
706.499871
706.517320
711.126589
711.183974
711.196877
711.230792
711.879148
712.293130
712.306237
712.622817
712.633631
712.645468
712.657551
712.684831
712.751718
712.778138
714.198057
714.220708
716.034867
716.073042
716.195062
717.547725
720.050258
722.256896
722.274755
723.113902
723.133891
723.166290
723.178373
723.191153
723.221176
725.197087
729.036595
729.050071
729.343877
729.634447
729.706127
729.904947
731.428782
731.458519
731.471462
733.508854
733.907599
737.101414
737.504092
737.517322
737.537229
737.551032
737.557340
737.575690
738.947031
738.967675
740.189143
740.207124
740.215972
740.266189
740.396483
740.681400
740.871741
740.934287
740.992246
741.122662
741.155676
741.585715
741.610373
741.642936
741.724365
742.117007
744.865178
746.475889
748.669870
748.718203
748.738028
749.438525
749.454500
750.327398
750.345011
750.380974
751.159050
751.754732
752.413082
753.884774
753.892884
753.914348
753.976648
753.987338
754.182513
754.195210
754.315756
754.517320
754.657403
756.632617
756.694098
756.707738
756.719206
756.726907
756.740751
756.762337
756.778721
756.787446
756.796539
756.808212
756.819395
756.830822
756.855603
756.866785
756.886405
756.897546
756.917903
756.970455
756.983685
756.994949
757.013996
757.026529
757.040497
757.082767
757.139866
757.176484
757.560197
757.591941
758.839173
759.061914
759.594025
760.472166
760.746394
761.650422
762.795540
762.812375
762.860134
763.017298
763.030856
763.052196
763.100037
763.123712
763.373855
763.384177
763.400888
763.420836
763.479081
763.495055
763.567227
763.583447
763.825889
763.969454
764.017664
764.043305
764.067267
764.079391
764.093645
764.104663
764.117606
764.125798
764.138250
764.149801
764.166185
764.173885
764.187566
764.202271
764.225618
764.238725
764.250563
764.261417
764.273541
764.293489
764.316221
764.330680
764.344443
764.360212
764.371599
764.395848
764.419236
764.439716
764.566692
765.431890
766.340751
767.948063
767.965798
768.013435
768.560988
768.582656
768.599572
768.619479
768.646636
768.682967
768.705331
768.723149
769.051402
769.060618
769.079869
769.098138
769.372652
769.397596
769.482752
770.016256
770.027602
770.046116
770.060493
770.075812
770.087895
770.153595
770.167357
770.233426
771.516293
771.782861
771.820339
771.898491
771.931136
771.945595
771.958579
771.978609
772.003717
774.185288
774.564659
774.596772
775.378125
775.993876
776.001741
776.024556
776.055726
776.073830
776.087716
776.118682
776.138793
776.631583
776.660910
777.179791
777.327002
777.408266
777.437102
779.067228
779.100570
779.136532
779.194982
779.226685
780.371517
781.024584
781.094994
781.673144
782.089748
782.106296
782.130545
782.153933
782.454292
782.467031
782.477435
782.497055
782.516511
782.566195
782.719017
782.885233
782.935491
783.110349
783.176581
783.312282
784.213811
784.228352
785.075364
785.095926
785.112515
785.140449
785.159291
785.185096
785.201152
785.465672
785.483080
785.493524
785.503887
785.525268
785.534976
785.543496
785.553203
785.560412
785.567293
785.581302
785.598915
785.610383
785.626112
785.643848
785.651180
785.670103
785.693000
785.712128
785.722286
785.759396
785.813053
785.830707
785.903944
787.330253
787.438019
787.802399
787.832340
788.676239
788.707492
788.741652
789.066056
789.080637
789.096571
789.111112
790.590792
790.610125
790.647726
790.659768
790.720061
791.065887
791.078298
791.150019
791.166403
791.189176
791.211049
791.931453
792.506409
792.531845
792.544010
792.557240
792.578499
792.598282
792.611103
792.622244
792.638136
792.644977
792.661729
792.674509
792.684585
792.693719
792.728945
792.740004
792.750572
792.766996
792.801198
792.818483
792.834212
792.851005
792.871404
793.105490
793.122284
793.138217
793.148785
793.158451
793.195807
793.701949
793.727754
794.570179
794.590659
794.626253
795.180073
795.751055
795.808031
795.821220
795.851121
795.866644
795.897651
795.909243
795.925012
795.945492
795.959050
795.983462
796.014879
796.037939
796.060631
796.516393
796.542403
796.572795
797.441065
798.188954
798.327644
799.079670
799.187354
799.278776
799.318712
800.272507
800.330220
800.350536
800.368476
800.999506
802.404024
802.467635
802.598912
802.633359
803.259351
803.318907
804.119429
804.135240
805.854863
805.879767
805.893652
805.918597
805.988188
806.012723
808.542290
808.673731
808.748237
808.766628
808.805786
809.129533
809.145876
809.169510
809.348055
809.386598
809.523610
810.065633
810.079396
810.147062
810.431693
810.441482
811.132232
811.197276
811.215176
811.935990
812.632596
812.847882
813.218816
813.307208
813.321298
813.397934
813.431439
813.470802
814.474854
814.520074
814.543749
814.550180
814.572298
814.597038
814.609531
814.620221
814.651638
814.673551
814.691287
814.726881
814.739251
814.746051
814.764728
814.775378
814.794916
814.815109
814.827848
814.849925
814.867456
814.883635
814.989394
815.349473
815.370568
815.436022
815.453594
815.569428
815.592571
815.983043
815.995167
816.012124
816.019292
816.078479
817.332470
817.978450
817.998643
818.020147
818.103788
818.138808
818.155971
818.176819
818.320138
818.518548
819.594527
819.636060
819.651625
819.669074
819.723346
819.747226
819.773235
822.258647
822.286213
822.335857
823.249879
823.301898
823.704330
825.243607
827.491082
828.008161
828.025201
828.054282
828.084060
828.155208
828.723364
829.427835
829.449871
829.482803
829.734461
830.936801
831.250022
833.467802
833.623777
833.771766
834.304614
834.647900
834.662441
834.694103
834.723185
834.740347
834.755256
834.821489
834.849178
835.042714
835.142164
835.158180
835.180503
835.197829
835.222200
835.240755
835.250340
835.265085
835.280855
835.288760
835.297116
835.313459
835.319808
835.333407
835.346063
835.353682
835.364577
835.374653
835.397591
835.410575
835.425608
835.440476
835.455263
835.468534
835.487375
835.498926
835.515720
835.546644
838.450053
838.471557
838.553846
838.571991
838.614876
838.657843
839.236403
839.794934
840.294728
841.157714
841.662546
841.679667
841.717678
841.838428
841.849078
841.879552
842.316186
842.328351
842.373038
842.447462
842.470318
842.501816
842.553385
842.963804
842.977894
842.989240
843.003208
843.012383
843.026145
843.034624
843.050926
843.079107
843.100938
843.117855
843.207107
843.230822
843.258143
843.563500
843.573985
843.627889
843.999232
844.025446
845.635174
846.274642
846.282015
846.312735
846.338335
846.357217
846.371389
846.391747
846.420378
846.446551
846.464778
846.511677
846.540718
847.923364
847.985787
848.011223
848.030515
848.136192
849.292370
849.323581
849.549025
849.571881
849.602642
849.616732
849.643971
849.662403
849.683866
849.713848
849.727857
849.737687
849.747395
849.775043
849.792573
849.806664
849.822802
849.872527
849.887068
849.895219
849.934664
849.979064
849.988731
849.999503
850.017526
850.027479
850.092564
850.392228
850.425610
850.645402
853.957960
853.991465
854.241976
855.994778
856.810824
857.482691
857.728573
858.643292
858.705347
858.756792
858.772193
858.808238
859.134853
859.144561
859.153900
860.417597
860.438323
860.449751
860.467692
860.487270
860.511396
860.518810
860.537119
860.564603
860.581765
860.594586
860.638618
860.650783
860.662661
860.675850
860.695265
860.710584
860.731638
860.742984
860.761784
860.786074
860.800532
860.833997
860.847596
860.873359
860.908298
861.008036
861.586268
861.606093
863.745393
864.832102
864.877445
864.908001
864.954614
864.989020
865.023222
865.071636
865.098342
865.119027
866.743501
866.774508
866.806211
866.826240
866.850365
866.886164
866.894316
866.911109
866.931753
866.947195
866.966282
866.980250
866.999665
867.011379
867.023380
867.050537
867.069829
867.085025
867.095429
867.126149
867.182756
867.489956
867.895869
868.944855
868.963738
870.788792
870.884147
870.933955
870.946775
870.963896
870.984008
871.022428
871.097631
871.354245
871.368786
871.481098
871.593452
871.654113
872.710226
872.721326
872.734761
872.781292
872.795095
872.815903
872.830444
872.852398
872.869683
872.878039
872.893891
872.905523
872.915149
872.927068
872.947057
872.996168
873.015869
873.030042
873.042371
873.050767
873.063793
873.073541
873.085010
873.093161
873.105777
873.114829
873.127854
873.152881
873.580708
873.671721
873.731768
873.817784
873.839534
874.288947
874.313318
874.344038
875.796316
875.808358
875.818107
875.848335
875.873362
875.909939
876.270346
876.292874
876.313395
876.469862
877.941883
877.956751
877.985055
878.031012
878.086390
879.571640
882.515681
882.875515
882.939372
882.981724
883.115254
883.161948
883.177841
883.198239
883.397263
883.459809
883.491963
883.533455
883.554918
883.580928
884.544143
885.194138
885.654405
885.669806
886.230876
886.246400
886.256230
886.340936
886.885007
888.615772
888.699986
889.997476
890.803610
891.068826
891.079721
891.093484
891.102331
891.112489
891.120599
891.130143
891.136696
891.142431
891.162706
891.182449
891.192607
891.200635
891.209277
891.223777
891.235164
891.246961
891.262280
891.272069
891.300209
891.357880
891.377705
891.388887
891.413217
891.448115
891.529953
891.552891
891.576689
891.805082
891.818394
891.827118
891.862221
891.869348
891.891712
891.911782
891.937014
892.772434
892.786729
894.256128
894.319370
894.332232
894.509384
895.789056
895.830794
898.910740
898.925568
898.934170
898.947727
898.989384
899.050537
899.100549
899.127869
899.149742
899.318620
899.508756
899.524895
899.592929
899.612140
899.628810
899.646996
899.685745
899.716137
900.124262
900.133683
900.143964
900.158546
900.189798
900.205732
900.239442
900.271022
900.296417
900.314112
900.332093
900.407501
900.427571
900.475044
900.570849
900.594688
900.623032
900.668539
901.521326
902.183690
902.217236
902.275031
902.293955
902.312100
902.373212
902.391562
902.411182
902.438543
902.810010
902.819881
902.898688
904.079073
904.096236
904.350310
904.368579
904.936612
904.944804
905.693716
905.822331
906.864968
908.477317
908.491325
908.572959
908.694979
908.703908
908.759900
909.427098
909.625876
909.920584
909.992346
910.011474
910.056612
910.077665
910.591508
910.603305
910.623785
910.662738
910.691082
910.875771
911.017288
912.567050
912.641106
912.665149
914.174444
914.343322
914.367775
914.722243
914.749112
914.772091
914.883748
914.915451
914.997780
916.173414
921.537782
922.002964
922.125926
922.156114
922.197565
922.212270
922.247987
927.128904
927.136891
927.208694
927.453962
927.864463
927.874662
927.966781
927.980380
928.018432
929.736253
929.745592
929.803715
929.839022
930.236621
930.258084
930.269225
930.277417
930.294497
930.313503
930.322104
930.333778
930.340905
930.355855
930.363228
930.368389
930.377318
930.392515
930.410783
930.428477
930.439209
930.450432
930.462679
930.482217
930.536776
930.663014
930.818499
930.861711
930.928148
930.944942
930.970829
930.980495
931.040543
931.105219
931.677102
931.932529
932.106117
932.120330
932.142735
932.165263
933.047009
933.076296
933.097308
933.109719
933.141381
933.171487
933.229036
933.250621
933.268152
933.282939
933.356175
933.367726
933.384888
933.432197
933.461934
933.858550
933.874565
935.090422
935.138877
936.098529
936.206418
936.235459
936.252785
936.615813
936.813486
941.602324
941.613097
941.624975
942.031340
942.039654
942.052925
942.064968
942.485750
942.512579
942.556979
942.624072
942.758298
945.314243
945.323786
945.340621
945.367900
945.387889
945.428398
945.482260
945.522770
946.004173
946.614190
946.627338
946.650808
946.696520
947.205079
947.223183
947.303383
947.333202
947.555205
948.131963
948.184842
948.200980
949.223752
949.251645
949.347656
949.380014
949.989376
950.004613
950.025912
950.043566
950.103409
951.187415
951.215759
952.022467
952.040653
952.663163
953.039790
953.217638
953.266258
953.711534
953.784812
954.890158
955.043430
956.101100
956.111421
956.138250
956.154429
956.216893
956.235244
956.246221
956.259246
956.284518
956.377989
956.406006
956.437422
956.829082
959.356559
959.371469
959.415828
959.447736
959.474893
959.486648
959.594701
959.618499
960.079585
960.159171
961.644872
961.817027
962.261074
963.507855
963.520553
964.247265
964.267991
964.283965
964.306493
964.320993
964.332012
964.341309
964.365107
964.376044
964.389233
964.403077
964.413440
964.437811
964.454564
964.463821
964.480328
964.491100
964.504003
964.515348
964.529521
964.544676
964.564419
964.599398
964.672594
966.386647
966.409257
966.431007
966.451159
966.485565
966.532424
966.565069
967.593329
967.609508
967.648215
967.753523
968.599921
968.651284
968.664515
968.694497
968.714199
968.813404
968.856330
968.881480
969.596109
969.615155
969.983836
970.015334
970.053468
970.066903
970.148864
970.187121
970.220134
970.699653
970.716692
972.621619
972.636733
972.668436
973.793649
973.818020
973.832724
973.890970
975.812403
975.907389
975.934628
976.122675
977.664901
980.411023
980.441702
980.849500
980.936008
980.952146
981.098660
981.324636
981.358060
981.537669
981.559828
982.109921
982.548849
982.650184
982.691348
982.717563
982.733496
982.761390
982.789857
982.865920
982.955909
983.318036
983.338271
983.873495
984.514273
984.618271
986.200924
986.283295
986.294067
986.336584
986.358907
986.400809
986.776740
986.804920
986.858947
986.889585
987.968512
987.983872
988.038144
988.777472
989.469532
989.489029
989.502996
989.518438
989.814333
989.903421
990.041170
991.764316
991.784346
991.813345
993.092936
993.166049
993.653268
993.900093
993.911316
993.986396
994.003067
998.334300
998.447391
998.472704
998.482985
998.501745
998.535209
998.548972
998.565929
998.844662
998.863831
998.903562
999.062487
999.504036
999.578788
999.907328
999.950172
1000.017797
1000.054579
1002.298819
1002.363740
1002.394501
1002.509763
1002.540196
1003.238687
1003.689820
1004.099543
1004.297994
1005.140992
1005.190185
1005.258056
1005.402808
1009.974682
1010.654003
1011.294413
1011.343770
1011.364618
1011.992166
1013.764342
1014.836593
1014.846300
1014.867026
1014.933135
1014.949642
1014.989128
1015.016858
1015.454761
1015.478927
1015.504200
1015.560315
1015.590666
1015.652925
1015.697654
1015.738450
1016.184381
1018.696622
1018.721116
1018.750607
1018.827407
1018.862920
1019.259003
1019.276493
1019.297464
1019.447378
1022.539858
1023.911281
1026.050908
1026.849751
1026.888786
1027.448013
1027.471237
1027.770491
1027.931996
1028.025426
1028.046930
1028.249518
1030.241567
1030.439404
1030.508462
1031.939809
1031.960044
1032.110408
1033.896591
1035.035361
1035.190395
1035.220009
1035.235246
1036.864840
1036.909363
1037.441024
1037.454336
1038.663229
1039.654339
1039.687639
1039.712010
1039.792210
1040.343654
1041.639424
1041.687265
1041.711882
1041.748828
1041.786225
1041.833943
1042.160558
1044.783759
1045.714903
1045.738455
1046.255821
1046.360064
1046.998057
1049.186714
1049.195479
1049.215263
1050.882458
1050.912031
1050.928947
1050.942669
1051.008000
1051.039621
1051.046871
1051.074560
1051.093852
1051.128136
1051.144970
1051.181957
1051.191706
1051.220746
1051.238482
1051.246223
1052.827361
1052.856771
1053.109166
1053.225656
1053.312123
1053.395927
1053.414810
1053.433487
1053.448356
1053.468672
1053.851566
1053.883515
1053.971333
1053.994353
1054.445527
1054.516183
1054.857994
1058.245755
1059.918234
1060.434452
1060.441702
1060.466156
1060.488765
1061.968527
1062.839910
1063.522959
1063.541596
1063.576699
1063.607050
1063.630479
1063.668449
1063.715635
1064.470979
1065.155338
1065.171517
1065.192530
1065.213501
1065.229640
1065.247539
1065.261056
1065.277276
1065.290342
1065.303204
1065.311846
1065.324995
1065.350717
1065.551913
1065.837568
1065.859891
1066.148577
1066.157957
1066.176266
1066.200351
1066.220257
1066.242703
1066.355958
1066.462372
1066.914693
1066.972119
1066.986988
1068.925420
1070.722621
1070.740603
1070.860984
1071.130911
1071.190180
1071.226061
1071.249531
1071.386051
1071.845417
1071.892111
1071.941878
1074.227364
1075.622625
1076.591862
1078.286131
1078.327624
1078.361825
1078.382223
1078.418842
1078.828892
1078.853427
1079.098040
1079.107420
1079.119544
1079.126630
1079.132488
1079.142687
1079.149896
1079.156531
1079.162880
1079.168246
1079.175250
1079.183278
1079.193846
1079.204086
1079.212564
1079.224074
1079.235543
1079.247299
1079.262331
1079.269949
1079.276216
1079.297065
1079.305748
1079.320945
1079.329833
1079.341875
1079.356826
1079.383572
1083.234263
1083.741512
1083.920302
1083.940250
1083.970560
1084.305531
1084.346081
1084.361728
1084.522045
1084.544082
1084.789309
1085.376266
1085.406945
1085.447291
1085.474529
1085.495583
1085.512622
1085.620101
1087.868969
1091.963494
1093.818327
1093.831680
1093.872763
1093.920645
1093.998510
1094.017966
1094.034473
1094.068470
1094.351585
1094.371041
1094.386319
1094.406103
1094.417777
1094.468035
1094.503547
1094.523617
1094.534595
1094.586081
1095.076536
1095.189340
1095.199171
1095.211172
1095.223583
1095.234314
1095.245742
1095.254180
1095.263519
1095.292518
1095.336509
1095.372022
1095.396803
1095.666893
1097.654108
1097.679626
1098.859315
1098.868081
1098.883154
1101.980549
1101.998326
1102.011843
1102.066483
1102.093353
1102.107156
1102.162657
1102.195220
1104.246702
1104.333906
1104.352297
1104.429875
1104.451994
1107.235676
1107.258532
1108.254392
1109.590630
1109.633270
1110.211502
1110.242058
1111.151084
1111.175987
1111.233741
1111.799030
1111.899914
1112.245658
1114.308485
1114.319790
1114.336092
1114.694574
1114.707845
1114.730537
1114.758554
1114.772562
1115.293041
1115.342397
1117.133210
1117.581722
1117.616292
1117.644636
1117.719224
1117.730365
1117.743555
1117.756006
1117.769933
1117.789716
1118.128169
1118.152786
1118.162821
1119.952241
1119.967928
1121.060659
1121.087570
1121.280287
1121.300398
1121.318625
1121.332470
1121.350533
1121.373594
1121.585971
1121.594491
1121.614643
1121.651425
1121.673421
1121.687675
1121.719460
1121.729946
1121.756160
1121.774756
1121.787822
1121.801339
1121.848484
1122.512978
1122.606244
1125.654733
1125.688443
1125.719777
1125.735383
1125.772616
1125.787443
1125.858877
1125.953823
1126.329221
1126.790472
1127.485932
1127.519724
1127.559414
1128.206623
1129.476014
1129.603727
1131.273626
1131.345633
1131.381801
1131.690557
1131.853087
1131.930173
1131.943444
1132.026921
1132.048179
1132.076646
1132.092006
1132.104745
1132.144067
1132.160492
1132.368937
1132.535562
1132.603228
1135.136481
1141.412987
1142.512271
1142.728417
1145.602130
1145.618473
1145.643786
1146.961060
1147.400520
1147.966095
1148.024504
1148.106424
1148.691169
1149.031834
1149.768581
1149.921976
1149.966049
1149.976166
1150.853857
1155.108045
1155.115418
1155.243090
1155.272049
1155.331604
1155.339674
1155.353559
1155.376865
1155.567288
1155.581174
1155.591987
1155.664404
1155.692667
1155.704750
1156.174479
1156.221952
1156.263035
1156.643144
1159.828398
1160.391107
1160.461066
1161.409782
1161.428296
1161.439724
1161.479741
1161.518940
1161.759867
1162.571366
1166.731960
1167.015158
1168.530022
1168.555377
1168.570860
1168.579256
1168.600269
1168.622469
1168.648233
1168.660603
1168.704389
1168.770048
1168.819855
1168.902676
1168.918364
1169.059512
1169.235231
1169.261363
1169.273160
1169.290322
1169.306337
1169.323786
1169.336730
1169.384243
1169.405010
1169.414799
1170.166702
1170.184397
1170.195538
1170.215895
1170.251653
1174.232883
1176.243855
1178.353828
1178.374840
1178.395116
1178.411991
1178.465362
1178.489610
1178.499359
1178.522173
1178.535813
1178.548347
1178.560799
1178.568745
1178.577715
1178.590290
1178.599670
1178.608108
1178.618470
1178.627891
1178.636657
1178.649518
1178.662789
1178.673644
1178.690970
1178.699653
1178.735985
1178.760438
1178.771005
1178.823926
1179.000791
1179.027169
1179.058913
1179.174502
1179.191460
1179.227996
1179.509432
1179.520451
1179.535114
1179.564401
1179.592868
1179.619246
1179.650253
1182.572954
1183.309824
1183.320105
1184.363889
1184.735724
1184.756572
1184.766075
1184.846193
1184.857907
1186.836849
1186.847662
1186.856264
1186.866627
1186.881372
1186.889236
1186.899436
1186.912133
1186.921964
1186.928312
1186.940969
1186.952724
1186.963087
1186.976154
1186.994340
1187.006669
1187.032842
1187.047055
1187.060244
1187.084206
1187.121521
1187.271680
1187.369370
1187.491430
1187.528540
1187.580887
1187.593667
1187.639050
1187.947766
1187.961242
1187.982623
1189.275648
1190.222438
1190.337987
1191.463977
1191.493018
1191.549174
1191.690158
1191.967621
1192.008458
1192.026071
1192.049132
1192.061501
1192.073544
1192.084070
1192.098324
1192.116511
1192.141332
1192.173117
1192.185364
1192.269865
1192.682250
1192.721981
1192.758764
1192.835113
1192.859361
1193.222840
1193.247580
1193.274450
1193.495511
1193.507635
1193.559695
1193.574564
1193.620398
1193.769574
1193.794150
1193.820078
1193.830687
1193.848627
1193.871524
1193.886925
1193.897615
1193.919201
1193.932186
1193.942262
1193.954591
1193.969418
1194.012262
1194.309304
1197.751788
1200.207872
1200.255181
1200.299008
1200.624394
1200.653804
1200.676332
1200.718807
1200.730522
1200.744571
1200.754483
1200.770048
1200.780411
1200.809615
1200.830136
1200.850944
1200.865034
1201.112105
1201.122058
1202.197914
1202.741780
1202.755052
1202.811494
1202.842173
1202.867077
1203.340329
1203.448627
1203.489546
1204.112548
1204.220355
1204.531036
1204.543037
1204.574331
1204.601160
1204.624466
1204.648960
1204.672389
1204.729364
1205.084201
1205.102756
1205.995356
1206.106030
1206.124503
1206.185042
1206.229484
1206.265324
1206.656532
1207.493468
1207.630479
1208.059658
1208.298701
1208.405279
1208.423956
1208.457257
1208.471880
1208.484332
1209.335685
1209.362924
1209.379512
1211.545641
1211.832033
1211.861279
1213.835837
1218.037924
1218.153759
1218.168136
1218.204303
1219.829187
1219.854418
1222.189752
1222.502400
1223.002644
1223.020380
1226.768957
1229.156639
1229.214638
1229.281608
1229.295084
1229.315850
1229.332275
1229.358285
1229.379256
1229.625098
1229.650452
1229.685555
1229.697434
1229.724017
1229.754122
1229.826990
1229.850993
1229.894902
1229.925540
1230.143242
1230.156841
1230.627430
1230.746092
1230.749901
1230.796923
1231.243100
1231.304417
1232.649994
1232.662446
1232.700334
1232.718602
1232.733839
1232.757924
1232.774799
1232.796754
1232.806502
1232.818995
1232.833126
1232.838738
1232.852787
1232.872735
1232.881541
1232.888463
1232.897516
1232.904110
1232.917627
1232.924672
1232.932250
1232.944660
1232.956908
1232.971121
1232.984596
1232.997376
1233.034650
1233.062134
1233.077821
1233.319076
1233.335419
1233.356431
1233.438065
1233.454735
1233.468785
1233.485619
1233.528873
1233.851105
1234.449121
1234.467185
1234.480087
1234.493440
1234.514862
1234.538004
1236.265656
1237.507441
1237.522596
1237.534392
1237.554176
1237.576909
1237.592392
1237.611315
1237.641585
1237.711462
1237.739315
1237.749187
1237.764014
1237.788180
1237.823119
1237.848023
1237.866250
1237.889106
1238.217687
1238.231163
1238.241075
1238.257787
1238.274621
1238.283428
1238.302884
1238.487163
1238.496051
1239.272735
1239.284859
1239.766753
1239.867597
1240.496292
1240.509440
1240.643502
1240.660910
1240.759050
1241.413632
1241.880740
1241.899336
1241.944105
1242.352681
1242.374144
1243.847885
1243.887206
1244.459909
1244.966216
1245.080781
1245.564314
1246.004634
1246.020485
1246.100644
1247.119032
1247.148032
1247.211438
1247.373189
1247.511470
1247.559967
1247.767511
1247.858033
1247.985132
1248.498524
1248.556974
1250.423726
1250.439209
1250.449695
1250.469274
1250.519245
1250.566308
1250.598052
1250.678579
1251.962225
1251.974144
1252.024730
1252.046438
1252.260004
1252.305879
1254.309970
1254.343066
1254.361088
1254.371697
1254.378332
1254.392095
1254.398034
1254.410445
1254.422364
1254.431212
1254.438830
1254.450012
1254.458819
1254.476636
1254.486508
1254.502113
1254.511944
1254.523822
1254.543360
1254.787072
1254.812180
1254.886973
1254.902456
1255.071171
1255.528858
1255.565312
1255.887094
1255.900856
1255.918100
1255.971267
1256.013414
1256.034591
1256.074486
1256.098202
1256.110367
1256.129987
1260.453478
1260.558705
1261.048054
1263.840297
1263.857336
1263.932252
1263.997297
1264.208896
1264.257311
1264.282337
1264.302244
1264.375276
1264.905626
1264.912384
1264.928481
1265.112801
1265.154089
1265.390674
1265.410744
1265.432125
1265.490166
1265.502536
1265.521336
1265.600594
1265.627546
1265.644216
1265.661051
1265.960919
1266.001551
1266.587156
1268.344955
1269.877965
1270.264177
1270.397092
1270.408192
1270.903849
1271.532790
1275.561124
1275.644355
1275.657708
1276.463596
1277.616087
1278.144102
1278.152868
1278.163763
1279.304786
1281.454735
1281.467761
1281.492050
1281.518387
1281.552957
1282.069381
1282.734285
1283.243581
1283.788964
1283.831316
1284.395500
1284.439286
1284.922573
1285.532017
1285.548605
1285.576950
1285.583585
1285.601976
1285.610578
1285.629911
1285.638676
1285.645066
1285.788836
1285.819023
1285.854986
1290.564690
1293.099540
1293.524009
1293.535846
1293.546086
1295.036989
1297.186406
1297.196728
1297.614766
1297.633075
1298.556887
1299.649741
1299.742106
1299.768607
1300.018053
1300.044063
1300.115661
1300.157645
1300.300800
1300.553196
1300.582605
1300.617953
1300.640727
1302.150799
1302.397010
1302.512722
1302.540984
1302.570762
1302.590300
1302.620856
1303.376773
1303.399383
1303.411343
1305.895608
1305.913262
1305.944064
1305.967329
1306.755277
1306.818929
1306.837115
1306.850181
1306.870620
1306.879099
1306.888233
1306.895974
1306.903183
1306.924360
1306.955571
1306.981417
1306.991534
1307.007304
1307.028275
1307.508695
1308.079841
1308.606587
1308.667044
1308.691046
1309.415260
1309.437788
1309.469000
1309.538509
1310.051901
1310.061978
1310.201160
1310.213366
1311.378719
1314.620457
1314.630861
1314.643354
1314.665103
1314.687468
1314.741289
1314.786550
1314.806743
1314.838323
1315.079086
1315.098665
1315.516457
1315.846349
1315.860234
1315.868344
1315.886694
1315.895706
1315.923722
1315.943219
1315.959726
1315.971482
1315.979100
1316.000522
1316.012728
1316.021207
1316.036116
1316.050371
1316.062945
1316.094034
1316.107715
1316.142039
1316.438835
1316.462141
1316.899430
1317.021000
1318.771302
1318.784614
1318.828769
1318.887916
1318.938870
1321.853460
1321.881190
1323.331011
1325.337027
1325.627023
1325.825884
1325.978788
1326.004019
1326.326743
1326.336819
1326.446141
1328.830587
1328.844882
1329.815224
1329.824358
1329.833656
1329.870356
1329.889321
1329.910415
1329.939456
1332.374077
1332.385300
1332.424049
1332.451246
1334.668042
1335.372718
1336.774820
1336.811438
1338.368492
1338.378568
1338.828595
1338.975846
1339.680072
1339.771372
1339.797463
1339.812864
1339.823186
1339.841454
1339.857428
1339.879588
1340.095283
1340.357591
1340.389048
1340.454339
1340.472689
1340.500705
1340.544901
1340.552479
1340.573614
1340.962816
1340.983337
1341.001810
1341.015818
1341.033062
1369.648620
1369.665208
1369.703137
1369.716695
1369.733652
1369.744916
1369.867223
1370.695188
1370.717962
1370.732913
1370.756014
1371.092664
1372.968673
1374.373642
1374.393999
1374.453760
1375.208694
1375.232369
1375.246746
1375.257272
1375.268946
1375.284552
1375.317647
1375.330263
1375.342019
1375.352586
1375.363400
1375.374377
1375.382405
1375.391416
1375.402353
1375.415091
1375.428567
1375.468790
1375.493530
1375.571067
1375.586509
1375.766118
1376.998810
1377.087857
1377.304166
1379.255009
1381.569167
1382.886564
1384.597258
1384.774287
1384.829870
1384.861573
1384.882586
1384.891884
1384.904417
1384.919081
1384.938168
1384.997151
1385.382093
1385.389670
1385.417687
1385.435177
1385.447055
1385.465979
1385.537331
1386.641981
1386.693550
1386.715095
1387.516723
1387.532780
1387.560960
1387.568087
1387.682570
1390.234952
1390.274028
1390.318223
1390.329446
1390.335386
1390.341693
1390.350418
1390.357135
1390.362952
1390.369464
1390.380687
1390.394409
1390.403256
1390.424023
1390.442578
1390.460150
1390.854431
1391.059640
1391.084626
1391.108260
1391.191654
1391.280333
1391.295734
1391.585853
1391.605228
1391.630828
1391.647130
1391.663677
1392.553329
1392.934011
1392.957727
1394.239365
1394.259599
1396.876247
1396.892754
1396.937892
1397.241119
1397.257011
1397.279498
1397.805466
1397.882184
1398.100705
1398.174884
1398.210601
1399.108690
1399.895736
1399.919493
1399.976714
1399.995720
1400.033444
1400.049582
1400.209736
1400.221082
1400.226980
1400.242053
1400.255365
1400.263680
1400.275067
1400.303575
1400.315863
1400.328684
1400.350392
1400.407654
1403.591639
1403.628052
1403.650867
1403.663401
1403.695104
1404.672082
1404.732006
1404.745810
1404.810568
1404.819169
1404.835267
1404.852101
1404.913582
1404.985467
1405.172326
1405.181788
1405.197517
1405.226189
1405.238600
1405.265674
1405.274112
1405.286851
1405.305078
1405.319619
1405.328507
1405.348127
1405.392118
1405.757768
1405.805486
1407.172772
1410.167316
1410.834801
1411.255009
1411.354214
1411.372032
1411.412132
1411.438387
1412.691968
1413.172797
1413.283267
1413.307556
1413.525955
1413.559788
1413.574164
1413.642281
1415.289733
1415.314760
1416.703959
1417.624453
1417.783624
1418.278216
1418.332119
1421.359432
1421.784637
1422.568940
1422.581350
1422.931599
1423.357911
1423.792988
1423.825224
1423.844639
1423.867453
1423.882650
1425.578598
1425.635779
1426.697503
1426.919711
1430.155100
1430.170952
1430.190776
1433.638789
1433.656607
1433.679626
1433.686548
1433.695887
1433.703178
1433.713951
1433.722798
1433.732260
1433.743811
1434.151690
1434.184049
1434.763633
1434.774487
1434.801848
1434.813071
1434.921574
1435.175117
1435.725046
1435.749499
1435.777597
1435.818066
1438.472724
1438.508728
1438.551572
1439.533548
1439.569428
1439.583642
1439.631114
1439.647826
1440.639017
1443.498639
1443.531653
1443.545252
1443.806290
1443.848561
1443.947274
1443.975578
1447.396434
1447.408435
1447.424778
1447.431987
1447.444726
1447.451116
1447.456850
1447.476060
1447.482204
1447.490478
1447.496008
1447.523287
1447.545774
1447.572972
1447.585382
1447.604675
1447.885210
1447.895654
1447.904338
1447.913185
1447.922852
1447.929446
1447.938089
1447.950868
1447.965737
1447.980114
1447.988470
1447.997932
1448.010383
1448.016323
1448.026644
1448.032666
1448.043520
1448.070881
1448.085176
1448.096440
1448.111022
1448.121262
1449.236685
1449.265070
1449.771172
1450.546708
1450.871194
1453.386916
1453.411123
1453.436150
1453.533307
1455.364383
1455.390433
1455.413289
1455.436431
1455.449743
1455.468093
1455.481037
1455.493530
1455.503892
1455.515034
1455.530803
1455.538708
1455.551611
1455.560909
1455.580938
1455.594947
1455.607398
1455.621530
1455.652577
1455.746580
1456.155648
1457.238180
1457.258947
1457.305600
1457.319690
1457.331405
1457.526948
1457.560044
1457.574994
1457.592033
1457.609400
1457.622671
1457.635533
1457.645773
1457.662525
1457.683497
1457.711596
1460.090266
1460.107674
1460.173332
1460.405985
1460.421427
1460.439204
1460.453704
1460.473815
1460.485366
1460.501709
1460.544676
1460.564500
1461.140316
1462.354330
1462.396764
1462.406062
1462.443418
1462.455542
1462.489252
1462.627082
1462.992241
1463.172547
1463.186555
1463.843881
1463.868334
1464.737710
1465.095782
1465.130844
1466.204979
1466.232218
1466.272317
1466.314301
1466.602455
1466.693100
1467.445780
1468.876268
1469.160243
1469.538959
1469.935780
1469.953147
1470.019297
1470.037606
1470.047887
1470.059520
1470.067466
1470.094418
1470.110188
1470.120509
1470.141399
1470.183916
1470.196408
1470.222500
1470.251131
1471.383020
1473.063281
1473.087857
1473.108664
1474.100756
1474.165064
1474.212454
1474.236539
1474.649088
1475.704218
1475.720561
1475.736289
1475.758285
1475.847537
1477.673288
1477.690040
1477.765939
1477.775770
1477.804892
1477.831229
1477.920563
1477.975286
1478.000804
1478.025994
1478.038938
1479.543603
1479.744799
1479.821681
1479.928873
1479.937597
1480.031519
1480.051876
1480.184545
1482.582508
1482.594140
1482.647798
1482.668646
1482.811720
1482.832568
1482.867466
1483.297423
1483.372052
1483.763589
1483.774894
1483.782431
1483.790377
1483.800494
1483.816346
1483.825971
1483.836948
1483.849277
1483.856609
1483.865006
1483.886633
1483.902484
1483.911045
1483.921613
1483.934351
1483.975598
1483.995914
1484.017705
1484.245033
1484.266086
1484.279890
1485.236879
1487.147008
1487.529984
1488.342958
1489.383547
1489.489838
1489.504297
1489.528545
1489.573274
1489.586258
1489.605468
1489.619149
1489.631846
1489.669448
1489.695908
1489.769923
1489.798308
1491.290972
1491.357860
1491.368468
1491.389235
1491.400622
1491.406193
1491.413770
1491.419914
1491.438633
1491.455304
1492.924744
1492.940308
1493.010104
1493.058109
1493.086454
1493.110047
1493.198602
1495.055278
1495.720837
1495.846298
1496.147517
1496.241562
1496.280433
1496.575263
1496.583250
1496.810045
1498.822246
1499.722015
1499.756012
1499.803279
1499.819254
1499.843092
1499.866644
1500.153692
1501.007094
1501.016351
1501.024338
1501.119734
1501.501481
1501.531054
1501.607895
1501.624361
1501.636280
1501.645414
1501.658726
1501.669663
1501.677158
1501.691904
1501.700383
1501.710541
1501.720207
1501.736509
1501.977518
1501.998694
1502.017004
1502.042931
1502.062879
1502.076764
1502.089953
1502.105231
1502.114734
1503.114691
1503.133655
1503.886377
1504.021299
1504.051364
1504.074752
1504.105185
1504.156426
1504.540836
1504.555295
1504.569672
1504.658842
1504.692224
1504.716022
1504.735601
1504.755098
1504.789094
1507.227361
1507.277701
1507.303956
1507.346350
1507.501384
1507.770819
1507.784458
1507.805962
1507.819110
1507.830415
1507.846390
1507.857121
1507.871048
1507.891446
1507.903324
1507.920896
1507.932365
1507.940065
1507.951944
1507.964232
1507.983442
1508.009165
1508.024279
1508.032020
1508.049265
1508.062700
1508.086907
1508.882268
1508.913562
1510.101647
1510.119547
1510.143017
1510.170624
1510.200033
1510.211256
1510.235873
1510.253527
1510.273556
1510.341960
1510.369444
1510.397338
1510.407987
1510.433628
1510.450668
1510.562488
1510.600376
1510.623314
1510.938051
1511.852605
1512.298988
1512.327741
1512.341053
1512.358830
1512.419901
1512.438866
1512.534221
1514.831749
1514.885571
1514.898391
1514.985718
1515.069235
1515.479941
1518.848451
1520.083067
1520.181289
1521.565286
1521.903739
1521.931510
1521.956332
1521.982587
1521.993236
1522.031288
1522.053693
1522.066596
1522.084209
1522.167849
1522.524324
1522.544067
1522.566103
1522.575688
1522.590351
1522.628690
1522.689802
1523.483279
1523.497533
1523.581747
1523.646423
1524.789944
1525.755699
1526.881157
1527.077560
1527.536230
1528.622367
1528.936079
1529.855427
1529.904087
1530.089226
1530.385654
1530.407567
1530.423091
1530.444677
1531.020206
1531.109294
1531.883848
1532.622643
1534.671421
1536.561357
1536.576512
1536.589824
1536.609812
1537.212785
1537.829437
1537.866629
1537.881702
1537.902264
1538.140529
1539.129508
1539.149537
1540.129546
1540.150641
1540.255375
1540.618076
1540.998103
1541.042913
1541.086085
1542.573384
1542.798787
1542.978028
1543.627407
1543.643177
1544.637358
1544.650097
1544.677540
1544.691466
1544.707564
1544.719729
1544.732508
1544.745779
1544.752660
1544.766218
1545.003254
1545.075057
1545.120850
1545.141903
1545.403392
1546.749420
1546.762035
1546.814464
1546.841702
1546.878157
1546.919608
1546.953441
1546.976788
1547.016806
1547.060797
1550.655980
1550.666465
1550.695793
1550.707876
1550.725571
1550.778860
1550.792663
1551.207547
1551.596708
1551.610184
1551.653028
1551.666422
1551.685796
1551.697306
1551.730278
1551.739208
1551.761490
1551.853281
1551.977103
1552.790692
1552.815022
1552.873595
1553.136558
1553.162936
1556.051476
1556.223549
1556.398572
1556.419133
1556.805345
1558.133637
1560.363991
1560.374641
1560.384553
1560.390615
1560.397824
1560.402780
1560.409088
1560.414781
1560.430428
1560.439685
1560.447549
1560.455619
1560.472617
1560.484332
1560.513413
1560.532623
1560.550605
1560.597709
1561.317581
1561.375498
1561.750077
1562.165821
1562.189128
1562.417725
1562.449019
1562.477036
1562.491986
1563.298734
1564.469780
1564.574925
1564.583772
1564.603187
1564.620022
1564.655780
1564.782223
1564.892570
1565.972972
1566.000046
1566.022656
1566.062633
1566.996111
1567.224668
1567.243551
1567.260180
1567.273370
1567.293972
1567.323791
1567.361270
1567.418081
1567.791063
1567.812895
1567.973499
1567.983944
1568.009462
1568.051282
1568.064102
1568.300646
1568.338412
1568.445194
1568.507003
1568.520724
1568.570982
1570.603540
1570.609930
1570.617999
1570.649907
1570.657116
1570.675958
1570.690867
1570.710077
1570.720768
1570.736169
1570.777211
1570.970542
1570.993480
1571.019366
1571.043779
1571.052626
1573.464760
1573.483520
1576.624374
1577.150464
1577.268060
1577.289892
1577.324175
1577.339986
1577.775800
1577.823724
1577.863291
1577.884140
1577.895649
1577.919078
1578.062029
1580.330189
1580.349194
1580.366889
1580.383683
1580.414403
1580.426363
1580.450079
1580.477235
1580.501033
1580.512174
1580.563579
1580.583854
1580.594995
1580.603884
1580.621128
1580.631613
1580.650496
1580.662252
1580.671386
1580.687770
1580.694446
1580.711731
1580.734054
1580.755026
1580.772270
1580.788163
1580.796805
1580.811715
1580.828754
1580.928942
1581.130998
1581.154058
1581.163479
1581.173268
1581.180068
1581.193298
1581.214106
1581.241303
1581.251953
1581.262930
1581.303726
1581.314253
1581.325599
1581.351322
1581.402767
1581.448806
1581.480755
1581.646520
1581.725573
1581.746258
1581.757891
1581.768253
1581.774029
1581.784515
1581.797581
1581.806182
1581.821256
1581.842924
1581.858284
1581.899080
1581.914399
1581.927096
1581.963756
1582.321705
1582.334812
1582.347960
1582.359798
1582.368727
1582.385193
1582.396826
1582.410588
1582.439342
1582.462730
1583.394202
1583.529288
1583.572500
1585.452974
1585.790894
1585.799004
1585.806049
1585.818255
1585.826898
1585.845617
1585.862369
1585.880965
1585.909555
1585.939087
1585.960468
1586.014208
1587.561923
1588.988027
1589.001421
1589.030543
1589.080023
1589.136015
1589.157806
1589.183365
1589.454725
1590.304973
1590.585508
1590.597714
1590.676111
1590.686474
1590.701711
1590.717932
1590.747423
1590.765855
1590.823404
1590.851174
1590.948168
1591.661117
1591.671931
1592.189051
1592.203674
1595.123958
1595.171758
1595.330437
1596.057805
1596.147057
1598.568571
1598.767104
1598.784020
1598.809989
1600.501514
1600.535839
1600.603341
1602.202419
1602.216755
1602.847252
1602.870149
1603.283763
1604.678779
1605.676933
1605.687296
1605.724815
1605.755372
1605.771100
1605.781176
1605.809316
1605.823939
1605.829550
1605.840404
1605.846917
1605.860966
1605.918188
1605.939773
1605.956157
1605.984788
1606.032015
1606.063350
1606.093660
1606.460580
1606.492774
1606.514319
1606.556836
1606.599352
1606.619873
1606.646211
1606.667100
1606.690365
1606.785884
1606.997115
1607.064289
1607.084524
1607.131300
1607.141827
1609.067643
1609.075753
1609.122324
1609.138094
1609.914982
1609.936445
1610.020291
1610.046259
1610.067558
1610.075750
1610.094674
1610.113229
1610.151772
1610.376397
1610.404004
1610.510213
1612.616909
1612.630016
1612.680765
1613.441475
1613.763994
1613.802947
1614.221189
1615.561318
1616.394691
1616.421847
1616.475587
1616.487137
1617.218724
1617.600594
1617.617428
1618.139095
1618.159616
1618.183414
1618.203116
1620.604477
1623.112253
1623.172956
1623.197123
1623.329669
1623.947059
1625.769411
1626.544906
1627.077550
1627.144479
1627.242209
1627.259576
1627.558748
1628.524052
1629.742572
1629.783327
1629.799096
1629.837107
1629.856604
1630.972559
1631.303598
1631.348081
1632.361472
1632.401203
1632.539771
1632.639263
1632.666010
1632.683090
1632.830956
1633.128817
1633.759027
1633.795359
1633.852662
1634.150441
1634.220933
1634.327470
1634.678211
1634.694349
1634.740142
1634.819645
1634.845532
1636.593132
1637.693850
1638.376161
1638.389678
1638.703841
1638.754632
1639.406510
1639.728210
1640.385495
1640.795914
1640.815575
1641.246597
1641.284280
1642.181837
1642.531881
1642.546381
1642.555965
1642.825646
1642.837320
1642.897900
1643.257528
1643.280343
1643.323023
1643.790909
1644.025651
1644.037612
1644.057395
1644.149965
1644.375818
1644.436726
1644.456428
1644.474368
1644.544041
1644.619121
1645.402317
1645.521101
1646.009795
1646.023721
1646.050222
1647.472886
1647.960105
1648.743342
1650.131558
1650.151875
1650.204959
1652.317389
1652.372603
1656.832205
1658.097295
1660.626862
1660.671140
1661.162660
1662.491361
1662.526874
1662.538547
1662.549443
1662.580244
1662.596833
1662.626406
1662.685471
1662.695465
1662.731960
1662.792991
1662.807532
1662.820270
1662.942945
1662.960927
1663.176417
1663.212995
1663.521300
1663.588844
1663.598100
1664.494961
1664.516301
1664.558039
1664.584253
1664.660029
1664.877978
1665.486725
1665.536000
1666.311660
1666.335212
1666.364908
1666.396201
1666.408899
1666.419466
1666.431713
1666.444657
1666.454938
1666.465423
1666.471608
1666.478326
1666.486313
1666.504008
1666.515231
1666.523750
1666.536530
1666.553938
1667.371827
1667.658465
1670.097551
1671.112090
1671.732429
1671.864566
1672.010179
1672.039301
1672.050975
1672.083620
1672.117412
1672.133263
1672.149443
1672.245617
1672.318648
1672.431493
1675.691868
1675.706040
1675.721974
1676.542362
1676.613796
1677.088973
1677.098639
1677.144924
1677.207470
1677.562552
1679.658557
1680.357786
1680.775086
1681.489797
1682.229535
1682.242028
1682.444288
1682.457969
1682.471567
1682.686403
1685.287690
1685.309645
1687.174267
1687.802143
1687.812301
1689.380495
1689.689498
1689.706004
1689.741476
1689.769329
1689.849979
1689.980723
1690.017710
1690.049536
1691.093443
1692.186255
1692.194570
1692.202926
1692.280340
1695.132426
1695.185347
1697.863516
1697.880760
1697.911726
1697.942159
1697.985454
1698.049188
1702.924411
1702.937477
1703.082639
1703.100989
1704.244347
1704.286945
1704.318689
1705.221652
1706.320159
1706.343383
1706.360873
1706.371359
1706.393313
1706.438820
1706.504561
1707.915223
1707.939389
1708.375368
1708.681257
1708.719063
1709.091963
1711.839396
1711.850373
1712.866345
1712.887276
1712.896369
1712.907182
1712.966902
1712.974438
1712.988570
1713.028628
1713.044152
1713.059512
1713.069138
1713.100636
1713.902019
1716.100260
1716.115415
1716.476682
1716.516495
1716.749353
1716.792279
1716.841431
1716.958659
1717.451162
1717.476557
1717.483397
1717.502730
1717.515264
1717.525996
1717.538079
1717.559747
1717.569249
1717.583913
1717.593702
1717.614715
1717.641175
1717.657477
1717.686682
1717.714002
1717.722685
1717.760737
1717.948948
1718.007439
1718.042378
1718.634947
1718.941245
1718.975570
1719.107789
1719.153336
1719.206912
1719.253033
1720.640922
1721.399214
1721.408594
1721.667953
1721.681388
1721.698509
1721.709117
1721.720095
1721.735086
1721.745080
1721.762120
1721.774940
1721.782518
1721.796731
1721.813934
1721.822822
1721.841418
1721.908265
1721.924444
1721.934234
1721.954263
1721.985720
1722.035364
1722.050560
1724.845343
1724.855091
1724.868444
1724.885074
1724.900598
1724.910879
1724.920422
1724.931768
1724.938527
1724.952699
1724.961505
1724.970435
1724.977971
1724.986778
1725.013074
1725.028598
1725.054239
1725.076644
1725.117071
1727.150203
1727.158518
1727.279350
1727.301837
1727.315722
1727.322890
1727.339930
1727.352259
1727.369871
1727.378268
1727.391949
1727.398912
1727.416771
1727.425126
1727.441838
1727.456911
1727.465513
1727.477555
1727.494185
1727.509791
1727.519007
1727.532851
1727.545713
1727.555789
1727.567503
1727.591793
1727.607767
1727.621530
1727.635374
1727.662449
1727.683052
1727.700091
1728.057303
1728.093635
1728.909189
1729.012040
1729.784914
1729.800724
1730.234409
1730.253414
1732.644127
1732.717527
1732.738990
1732.768031
1732.780769
1732.795187
1732.808868
1732.818248
1732.829716
1732.842906
1732.854252
1732.870226
1732.884111
1732.900987
1732.939489
1732.958618
1732.977295
1732.990853
1733.007073
1733.029765
1733.071872
1733.200036
1733.209743
1733.219860
1733.233541
1733.682012
1734.360801
1734.440714
1734.792561
1734.818898
1734.828196
1734.851584
1734.869074
1734.880010
1734.897377
1734.917775
1734.936330
1734.950339
1734.979338
1735.016612
1735.036682
1735.057572
1735.085425
1735.439196
1735.467213
1735.483187
1735.527096
1735.977042
1736.113766
1736.131174
1736.172134
1736.190484
1736.200356
1736.214200
1736.224522
1736.233574
1736.246723
1736.265851
1736.279900
1736.290304
1736.299028
1736.311931
1736.325816
1736.333763
1736.349573
1736.365793
1736.377672
1736.396923
1736.434688
1736.467579
1736.946934
1738.437878
1738.452419
1738.469212
1740.550676
1740.598968
1740.610232
1740.642304
1740.663890
1740.692439
1740.999229
1741.028966
1741.054362
1741.074063
1741.241549
1741.250028
1741.278700
1741.301514
1741.340549
1741.361644
1743.201567
1743.253053
1743.266406
1743.286190
1743.297659
1743.305277
1743.318344
1743.331041
1743.347384
1743.375073
1743.388795
1743.403786
1743.418573
1743.439913
1743.454904
1743.481364
1743.893094
1746.930688
1746.950922
1748.071752
1748.093379
1748.112015
1748.712858
1748.726292
1749.060485
1751.581819
1751.626629
1751.639818
1752.671109
1752.686182
1752.725586
1752.817050
1752.834621
1753.183437
1753.200353
1753.299354
1753.319547
1753.673769
1753.705472
1753.727754
1753.746883
1753.771254
1753.786163
1753.803817
1753.817743
1753.844285
1753.864028
1754.144604
1754.163855
1754.175693
1757.908582
1758.841078
1761.154376
1761.186365
1761.272054
1761.318298
1762.654740
1762.669937
1762.690212
1762.702090
1762.710856
1762.721096
1762.738135
1762.748334
1762.759721
1762.769388
1762.784625
1762.792776
1762.813174
1763.019244
1763.159941
1763.178537
1763.203645
1763.232113
1763.251364
1763.291341
1763.304940
1764.325130
1764.347658
1764.356014
1764.374159
1764.390257
1764.407665
1764.424745
1764.452557
1764.468163
1764.489953
1765.251604
1765.706588
1765.731369
1765.739971
1765.760983
1765.790188
1765.837947
1765.884396
1766.608036
1767.347364
1767.373701
1767.388611
1767.409910
1767.427523
1767.448044
1767.488594
1767.513866
1767.591526
1768.062484
1768.150753
1770.940908
1770.988749
1771.009638
1771.037532
1771.050557
1771.107451
1771.114209
1771.127685
1771.461755
1771.666350
1772.670607
1773.165036
1774.079386
1774.309335
1774.401946
1774.557143
1774.574592
1775.316460
1775.902228
1777.443922
1777.455022
1777.486848
1777.495695
1777.528013
1777.543823
1777.967882
1778.067169
1778.141061
1778.168791
1779.062333
1780.709990
1780.924948
1781.270118
1782.268928
1782.281380
1782.301860
1782.321684
1782.338683
1782.368911
1782.387057
1782.434161
1782.865961
1782.874563
1783.491994
1784.127652
1785.302917
1785.316762
1785.954714
1785.992028
1786.002964
1786.017546
1786.025820
1786.036388
1786.047611
1786.054369
1786.062479
1786.069934
1786.079683
1786.088817
1786.110075
1786.127196
1786.158244
1786.197934
1786.214482
1786.230415
1786.242499
1786.250281
1786.258760
1786.268426
1786.284278
1786.319135
1786.367386
1786.992968
1787.000914
1787.036959
1787.066860
1787.111547
1787.161436
1788.498043
1788.517458
1788.556616
1788.568453
1788.580618
1788.592824
1788.607898
1788.618957
1788.628296
1788.636406
1788.647219
1788.657541
1788.664136
1788.678554
1788.686131
1788.707062
1788.727951
1788.767928
1788.774728
1788.786934
1788.799631
1788.819251
1788.852142
1788.862423
1788.998738
1790.424760
1790.434304
1790.451425
1790.496932
1792.549847
1792.561807
1792.582328
1792.595681
1792.606495
1792.625254
1792.643400
1792.654500
1792.662159
1792.673464
1792.687022
1792.698573
1792.911442
1793.098547
1793.680998
1795.530916
1795.543654
1795.554796
1795.565978
1795.588342
1795.605053
1795.631882
1795.655434
1795.913073
1797.717852
1797.869650
1799.556792
1799.628390
1799.639982
1799.677460
1799.707853
1801.111429
1801.663652
1802.505216
1802.520740
1802.540524
1802.558136
1802.578739
1802.596762
1802.666803
1803.321303
1803.400765
1803.456020
1803.531223
1803.549409
1803.575869
1804.392120
1804.519260
1807.261860
1807.314903
1807.329649
1807.341486
1807.357624
1807.371059
1807.377981
1807.391457
1807.402844
1807.411487
1807.423119
1807.430820
1807.437373
1807.462564
1807.753380
1807.774433
1808.533381
1809.922089
1810.303754
1810.564874
1812.190003
1814.166856
1814.194668
1814.484378
1814.699090
1814.745416
1814.792643
1814.832292
1814.893240
1815.924654
1815.938908
1815.968072
1815.991747
1816.046879
1816.063304
1816.557568
1816.576860
1816.622326
1816.652595
1816.673321
1816.698962
1816.725996
1816.754790
1817.644114
1818.360259
1818.595451
1818.616381
1818.639401
1818.655212
1818.671759
1818.684539
1818.704691
1818.746921
1818.772890
1818.843546
1820.072919
1820.514468
1820.698296
1820.903383
1824.616735
1825.727447
1825.746371
1825.757553
1825.791222
1825.810801
1825.833452
1825.841234
1826.232238
1826.262630
1826.277335
1826.544271
1827.343892
1828.911800
1828.938506
1829.192131
1829.214167
1829.248451
1829.272904
1829.824799
1829.881446
1829.940511
1830.378701
1830.929162
1832.051958
1832.359567
1832.422605
1832.928461
1834.220134
1834.512179
1834.536837
1834.602906
1834.775265
1834.802504
1834.829455
1834.882908
1834.910720
1834.924605
1834.948280
1834.969088
1835.015946
1835.053711
1835.162583
1835.193221
1835.210711
1835.886551
1835.906171
1836.760023
1836.780175
1836.816876
1836.832563
1836.866888
1836.878848
1836.890808
1836.922757
1836.935823
1836.955771
1836.971622
1839.847875
1839.856804
1839.870894
1840.392356
1841.543414
1842.472223
1842.489221
1842.963087
1843.250135
1843.330990
1843.354051
1843.402957
1843.419300
1843.445473
1843.480658
1843.669074
1843.698811
1843.759227
1844.193321
1845.799035
1847.850476
1848.539873
1848.557609
1851.683881
1851.753144
1852.091884
1852.278784
1852.581560
1852.593521
1852.626657
1853.736919
1854.722171
1854.779064
1855.245271
1856.205619
1856.226181
1856.261693
1856.578150
1856.604119
1856.911770
1857.325138
1858.856223
1858.932326
1859.060367
1859.096289
1859.840082
1860.681482
1860.691517
1860.724490
1860.739113
1860.770161
1863.421460
1863.594844
1863.641211
1864.073421
1864.089068
1864.103936
1864.118600
1864.152596
1864.174961
1864.195441
1864.228618
1864.278139
1864.330772
1864.339948
1864.355963
1864.370995
1864.753234
1864.773755
1864.791613
1864.831795
1864.861327
1864.916214
1864.953774
1864.983675
1866.480763
1866.503291
1866.650092
1868.031754
1869.014508
1869.023846
1869.079716
1870.169620
1870.184571
1870.239252
1870.382449
1870.400963
1870.420582
1872.117596
1872.239247
1872.278159
1872.303309
1872.320676
1872.355574
1872.385393
1872.896000
1872.906895
1872.990044
1874.851840
1877.651702
1877.671199
1877.689180
1877.763809
1878.379315
1878.433464
1878.495068
1879.797842
1879.809434
1879.838925
1879.852360
1879.870136
1879.917773
1881.123062
1881.228739
1881.263800
1881.863086
1881.877668
1881.897001
1881.902244
1881.919406
1881.928745
1881.937715
1881.945211
1881.950044
1881.958236
1881.965691
1881.970442
1881.980682
1881.989612
1882.002842
1882.012099
1882.025411
1882.039583
1882.051830
1882.064323
1882.076529
1882.094428
1882.127073
1884.952863
1884.960809
1884.975882
1884.990669
1885.002916
1885.014548
1885.023642
1885.041254
1885.056328
1885.079511
1885.092618
1885.111501
1885.136937
1885.149880
1888.863928
1889.614848
1889.633608
1889.667113
1890.508677
1890.518303
1893.477908
1894.904545
1894.919782
1894.934774
1894.945382
1894.960046
1894.971064
1894.983107
1894.989414
1894.999450
1895.009075
1895.018865
1895.031439
1895.038403
1895.070556
1895.084032
1895.106601
1895.122862
1895.141786
1895.159480
1895.171318
1895.198720
1895.216906
1895.228621
1895.314145
1895.354819
1895.367762
1895.378248
1895.421215
1895.440876
1895.725343
1895.789814
1895.851090
1895.870956
1895.898235
1895.938990
1895.977656
1896.221041
1896.240906
1896.261304
1896.274125
1896.291328
1896.312422
1896.335319
1896.358830
1896.392622
1896.450744
1897.334047
1897.345434
1897.358582
1897.390531
1897.418260
1897.425265
1897.450086
1897.472328
1899.239916
1899.252941
1899.289190
1899.363164
1899.385119
1900.180603
1900.215214
1900.275261
1900.421120
1901.069885
1902.995743
1906.488074
1907.431588
1907.584819
1907.657933
1907.664691
1909.514650
1909.776794
1909.793833
1909.845770
1909.974671
1910.003507
1914.347028
1914.380165
1915.096596
1915.124285
1915.355341
1916.297994
1916.310036
1916.380815
1916.411781
1916.440617
1918.060421
1918.920868
1919.540224
1920.143401
1920.162652
1921.551770
1921.575158
1925.531730
1926.974013
1927.003341
1927.023329
1927.048806
1927.063265
1927.074079
1927.080714
1927.089029
1927.095869
1927.104512
1927.113073
1927.119217
1927.153172
1927.166239
1927.187784
1927.200645
1927.211172
1927.225590
1927.243489
1927.261962
1927.291208
1927.324221
1927.446446
1927.460782
1927.487447
1927.523697
1927.564083
1929.280594
1929.302139
1929.781166
1930.601431
1932.974162
1933.072179
1933.474406
1933.506396
1933.525811
1933.536829
1933.543055
1933.559808
1933.569147
1933.579510
1933.589750
1933.596877
1933.606994
1933.619692
1933.627924
1933.636608
1933.643407
1933.651436
1933.661020
1933.671834
1933.680804
1933.692600
1933.717586
1933.854515
1933.868933
1934.227169
1935.836733
1935.848980
1935.860982
1935.876260
1935.891169
1935.901573
1935.912264
1935.922012
1935.937044
1935.945277
1935.952896
1935.975711
1935.995863
1936.012780
1936.026542
1936.046121
1937.702052
1937.806868
1939.561923
1939.577733
1939.608904
1939.661087
1939.678208
1939.713352
1942.274826
1942.286172
1942.300385
1942.325125
1942.435348
1946.055844
1946.070999
1946.105201
1946.135470
1946.154435
1946.179215
1948.677571
