34.923192
34.979594
34.995978
35.027886
35.067699
35.204260
35.268772
35.294413
35.329106
35.348521
35.366953
35.393290
35.413402
35.451576
35.474924
35.549348
35.586294
35.610296
35.642941
35.668869
35.703767
35.727688
35.784335
36.113285
36.157522
36.181647
36.227072
36.262298
38.205317
38.606561
38.650552
38.687048
38.702326
38.725427
38.773924
38.823649
38.851297
38.890373
38.920356
38.941450
39.003505
39.271629
39.300260
39.407575
39.605330
43.136410
43.170857
44.478259
44.701409
44.758057
44.816753
46.554399
47.775826
48.084869
48.102318
48.152822
48.331121
48.585400
48.655483
48.683581
48.793846
48.852541
48.885309
48.899072
48.933478
48.971653
48.985211
49.005527
49.030636
49.044152
49.081795
58.593526
66.359583
74.354319
80.407347
82.818499
88.027259
93.246095
93.785580
94.033347
94.082703
94.126776
94.156677
102.494863
113.527030
116.141752
117.275730
117.279334
117.584200
117.882675
117.898568
117.927813
117.955420
117.978358
118.007439
118.033900
118.065480
118.112297
118.128517
118.153462
118.223585
118.260490
120.710676
122.804101
130.185953
130.431549
130.510848
142.824325
163.586048
164.415488
164.846060
165.240340
170.669384
182.522429
193.744568
194.116280
200.373944
200.647516
207.475466
207.636808
207.674655
207.697388
207.716639
207.723438
207.840788
211.054428
215.581491
222.129889
224.491930
229.945795
239.356068
242.605916
249.019924
250.764534
260.731085
262.336061
273.516134
273.516667
284.786565
291.147735
300.413460
310.342164
310.540083
316.589179
316.701655
316.806103
316.873114
316.911329
316.947251
317.120512
317.335921
317.481779
317.812122
318.822810
319.339602
319.397396
319.410176
319.425782
319.449211
319.462359
319.472517
319.480054
319.489843
319.500820
319.512371
319.521956
319.538463
319.549153
319.577948
319.601582
319.673917
319.697879
319.721923
319.754895
319.779594
319.832556
319.878390
319.898296
319.908618
319.929139
319.940977
319.960146
320.005857
320.036618
320.108872
320.545710
321.817354
321.943183
321.983324
322.034770
322.062664
322.104525
322.135736
322.150441
322.176901
322.187059
322.207498
322.234163
322.268037
322.292654
322.316780
322.359951
322.386944
322.406113
322.423521
322.437366
322.471240
322.503148
322.555535
325.023498
325.042258
325.077074
325.093417
325.108204
325.156946
325.184471
325.204869
325.241037
325.294490
325.389640
325.423677
325.431665
325.455012
325.501665
325.537997
327.889797
327.949189
327.962911
327.987118
328.050647
328.086241
328.125727
328.148910
328.189665
328.241357
328.334377
328.354488
328.371323
328.393482
328.410481
328.427643
328.457953
328.491745
328.588657
328.606720
328.645509
329.771500
329.787474
331.172905
331.200389
331.226153
331.245609
331.361772
332.773704
335.190548
335.378760
335.413166
335.462564
336.223109
337.790730
337.926349
337.984676
338.000773
338.012611
338.031247
338.044805
338.057339
338.071921
338.097439
338.124554
338.160108
338.226053
338.257961
338.291958
338.598093
338.629222
338.668462
339.177349
339.219907
339.275366
339.331113
339.350036
339.422781
339.500810
339.542303
339.571548
339.600835
340.734280
341.642240
341.679841
344.709120
344.719811
348.696371
349.305897
352.672604
352.701645
352.722493
352.738427
352.752476
352.775004
352.785613
352.828703
352.848241
352.866468
352.887112
352.929669
352.945070
352.953876
352.976814
352.983941
353.009377
353.040384
353.054761
353.066435
353.078067
353.097851
353.114276
353.127424
353.141473
353.165804
353.175224
353.190257
353.212334
353.234698
353.257800
353.271235
353.322353
353.359790
353.373716
353.492787
353.564918
353.578557
353.613087
353.708687
353.753211
353.768038
353.790566
353.805885
353.827799
353.866711
353.931837
353.952154
353.970422
353.982792
354.007204
354.035589
354.082120
354.614313
354.636595
354.657935
354.672722
354.682798
354.728346
354.754724
354.787410
354.803384
354.815386
354.844058
354.861793
354.873836
354.887967
355.295969
355.363185
355.431055
355.978895
356.009001
356.597350
356.620001
358.811075
358.935634
359.091528
359.235789
359.419658
361.609871
366.232044
366.269440
366.278574
366.300897
366.367334
367.936963
369.541161
369.579950
369.652081
369.693983
374.662513
375.207813
375.338066
375.676518
375.853588
375.893156
379.572101
379.659960
381.773046
381.851034
381.881385
383.360778
383.792865
383.856026
383.924797
384.570696
385.372611
385.502659
386.483937
386.522399
386.540503
386.563318
387.231867
387.285484
388.030259
388.528824
389.034762
389.867028
389.889065
389.936005
389.985608
390.052413
391.883694
391.901962
391.943004
391.977738
392.008253
392.029266
392.059986
392.086897
392.100004
392.116265
392.135393
392.155996
392.182374
392.206868
392.240865
392.281293
392.301691
392.317501
392.336671
392.360796
392.375828
392.428421
392.445870
392.475484
392.505549
392.541716
392.571535
392.602337
397.530726
397.623378
402.971238
407.407657
407.422075
407.435551
407.447716
407.480812
407.491215
407.531479
407.547167
407.567155
407.580303
407.658004
408.104468
409.866895
410.594796
410.673684
412.135956
413.133046
413.470310
415.942287
416.439337
416.606577
417.504133
418.033377
418.551972
421.990359
426.230374
430.586798
432.019784
434.110505
439.647846
443.381719
444.579430
444.658729
444.676219
444.697068
444.721398
444.790579
444.838011
450.461204
453.750948
455.288177
458.336133
458.709197
460.641567
460.889252
460.929966
460.951675
460.973670
461.047480
461.484319
461.547356
461.939671
464.649912
464.847708
464.864707
464.885924
465.681818
465.857536
466.096251
466.152980
466.371174
466.404557
466.459156
466.493112
466.552586
469.860557
472.963768
478.468178
480.048947
483.171820
483.679764
483.937034
484.128768
484.606157
486.778470
490.232422
490.266419
490.360177
490.446356
490.504643
490.550272
490.589921
490.676183
492.654592
493.146767
501.676032
501.852488
504.771174
511.927460
512.068444
512.073196
515.136102
518.377964
519.645512
523.604378
523.647590
523.689615
523.754988
523.841905
523.878031
523.898061
523.937628
524.033229
524.081521
524.149350
524.178186
524.202844
524.328387
524.366807
524.400312
524.541256
525.642506
529.096335
531.201270
534.776873
542.599946
542.621204
542.658191
542.681457
542.728274
542.787994
542.822154
542.850335
542.901780
543.268168
543.310807
543.362376
544.632259
546.276065
546.308547
546.330952
546.354627
546.382193
546.399478
546.448384
546.488566
546.516460
548.666900
551.934403
552.462541
555.772191
555.809014
555.843666
555.897815
556.048630
556.075704
556.118098
556.220498
560.205292
560.261202
560.313426
560.391045
560.591708
560.667771
564.803666
569.023857
587.208008
587.300372
587.339653
587.388887
587.404247
587.448197
587.489812
593.551852
593.616937
593.717821
593.792901
593.886904
594.154209
596.322099
596.436009
596.525793
596.619837
596.686193
598.325862
598.408479
598.417777
598.436618
598.472417
598.504776
598.558024
598.575391
598.600909
598.653420
598.691103
598.818816
599.106150
599.127368
599.145554
599.178281
599.192535
599.213179
599.250125
599.303045
599.945748
599.981916
600.390902
600.479416
600.525373
600.590131
600.604754
600.628388
600.634245
600.653660
600.676884
600.686387
600.823808
601.103032
601.119334
601.133793
601.160704
605.049979
605.093110
605.111050
605.150700
605.195592
605.229384
605.639475
605.695468
606.327153
607.083233
609.313260
609.446175
609.549353
611.547095
612.785603
612.829102
616.188887
616.577475
617.416663
621.103677
621.299671
621.318185
621.330473
621.343703
621.394780
621.709394
624.642580
690.660844
694.389596
697.648046
697.668977
697.677742
697.704120
697.781821
697.852887
697.961390
697.968845
697.978757
699.558543
699.986330
700.329533
700.380078
703.462236
703.486689
704.175596
704.355942
704.382075
704.426598
704.480952
704.502866
704.583803
704.699720
704.875438
705.512202
707.358310
709.533573
710.621307
712.022303
724.408648
725.061796
725.119386
725.179433
725.249311
725.472993
725.557453
725.581455
729.233900
730.059407
730.353213
731.816591
731.910390
732.383846
735.990825
736.808182
737.689518
738.238792
741.127004
743.266836
743.324385
743.413555
743.466394
743.489454
743.526973
743.538606
743.578583
743.606436
743.766712
743.785267
752.954982
753.045135
753.558282
754.032394
754.954158
756.531241
758.172180
758.481060
759.508828
763.991491
768.288891
768.567542
769.571103
769.630495
769.807606
771.285975
771.805143
772.931092
773.553521
773.644452
774.495314
776.340439
776.812175
776.924856
779.205386
779.863982
790.866043
791.000146
791.305953
792.881480
793.048883
801.169244
801.296998
803.726254
816.259195
818.641674
818.759516
819.982008
822.092718
822.435348
822.779412
824.805212
827.232829
827.597824
828.587991
829.866189
835.802972
838.911754
839.050445
839.108157
846.359552
850.079457
850.161295
852.668662
857.551012
857.621176
858.053304
858.196787
859.006976
862.186537
867.425526
867.589571
867.970294
868.030423
868.101693
868.159980
872.303329
874.555351
884.432077
885.515960
885.636465
891.880243
894.320476
895.959081
896.155894
896.258621
896.392888
897.032397
899.383460
899.927368
902.903071
911.424225
916.184637
917.888737
918.153994
919.324221
919.369646
923.072512
923.295416
925.398999
931.194266
931.597926
931.652772
935.988347
938.136330
938.246595
939.470684
942.706483
943.697101
944.712172
945.287619
945.426309
948.819599
948.974592
952.584151
956.741919
960.241213
960.787087
961.571471
962.311250
964.388618
972.188918
974.856561
976.547021
977.155154
979.994296
988.109660
991.636931
991.714836
991.785247
991.818998
991.873802
992.029164
1004.906619
1005.642097
1005.781033
1006.019584
1008.099901
1008.142131
1008.220938
1011.196682
1011.385713
1011.944120
1012.799406
1013.238907
1015.088783
1015.196713
1017.587876
1024.396493
1028.634501
1029.802967
1032.875704
1032.986378
1040.118989
1043.192791
1043.529769
1044.713677
1046.317875
1046.350561
1046.737633
1049.068216
1049.076695
1049.266258
1049.448612
1049.588818
1056.744940
1056.783360
1056.815555
1056.935444
1064.923628
1067.279237
1092.068024
1095.544668
1095.841300
1096.115569
1099.411374
1102.656553
1105.945108
1106.015109
1106.122301
1110.677012
1111.286292
1113.566208
1123.839631
1125.713961
1131.910226
1132.182323
1136.318710
1139.704054
1140.044390
1144.716739
1144.754012
1144.782479
1144.829911
1144.883692
1145.140511
1148.619694
1150.499389
1158.301614
1163.977114
1164.031672
1164.073492
1164.093276
1164.136448
1164.211323
1164.472033
1164.548751
1164.683428
1176.913101
1178.032046
1180.478751
1181.797130
1198.076109
1200.134758
1208.004567
1216.336527
1216.378061
1216.405627
1216.460595
1216.488858
1219.611156
1220.993393
1222.894715
1222.953452
1230.140989
1236.846633
1236.970742
1244.969452
1245.108388
1251.303711
1252.733460
1253.822013
1257.468600
1264.012943
1264.275169
1265.337631
1272.926904
1281.828332
1281.871012
1282.221793
1282.384077
1282.415329
1282.449859
1282.494259
1282.510029
1282.561516
1282.625659
1282.660434
1283.721748
1284.287611
1286.229565
1286.703514
1294.814495
1302.086820
1303.621714
1305.722184
1305.789235
1306.361979
1312.449700
1312.472801
1312.728556
1314.909020
1315.018711
1316.666081
1319.695524
1320.670044
1320.686182
1327.099494
1327.141765
1329.426637
1338.463805
1340.405719
1340.730778
1375.965962
1375.975137
1375.993569
1376.052756
1376.078561
1376.097649
1376.114975
1376.148562
1376.157614
1376.180552
1376.199270
1376.248259
1376.320389
1376.354386
1376.425779
1376.458588
1376.470917
1376.494920
1376.509092
1376.535634
1376.554680
1377.886085
1378.682388
1378.708521
1378.740756
1378.816246
1379.164938
1379.211633
1380.823818
1380.861215
1380.903977
1380.991590
1381.027185
1381.042463
1381.058683
1381.072323
1381.113324
1381.127946
1381.141750
1381.154570
1381.166735
1381.196431
1381.203108
1381.214003
1381.225185
1381.352489
1381.399429
1381.452759
1382.757130
1383.381606
1383.423140
1383.495434
1383.576699
1383.608320
1383.644570
1383.699005
1385.997926
1387.912479
1387.977728
1389.161267
1389.303890
1393.264026
1393.290609
1393.304330
1393.320018
1393.367941
1393.391657
1393.445028
1393.460838
1393.488896
1393.501594
1393.525473
1393.533706
1393.552220
1393.563361
1393.574625
1393.580851
1393.611940
1393.629225
1393.689395
1394.577162
1394.592604
1394.615992
1394.633523
1394.651791
1394.671329
1394.687304
1396.455178
1396.590469
1396.629381
1401.177866
1401.529426
1402.980475
1403.012383
1404.694774
1413.127987
1413.157069
1416.010752
1426.099814
1427.376374
1428.372726
1430.031606
1432.080138
1433.894912
1436.335432
1441.240064
1441.288970
1445.306327
1445.381161
1445.545329
1446.980280
1448.202281
1452.562596
1452.930949
1453.058458
1458.021745
1460.570317
1461.355356
1461.557207
1462.717850
1470.917919
1470.955110
1470.988780
1472.158474
1475.975127
1476.105626
1476.344545
1477.432033
1479.273308
1480.796856
1484.070093
1484.114289
1488.175964
1493.003018
1493.089812
1493.794324
1498.054902
1499.425874
1504.942531
1505.677926
1505.801421
1511.972168
1517.891420
1520.416236
1523.744031
1524.122051
1527.865917
1533.355540
1536.961864
1541.353759
1543.618847
1548.254822
1548.476744
1548.491407
1548.525609
1548.552438
1548.588237
1548.612977
1548.719800
1548.758303
1548.782797
1548.831539
1548.965601
1549.021471
1552.370852
1563.003535
1572.086989
1572.088340
1574.126100
1578.161029
1578.538885
1578.973307
1580.583199
1582.288568
1585.426801
1586.636800
1594.693100
1596.744745
1597.099622
1598.453555
1603.976847
1605.018214
1606.627123
1607.998177
1612.962939
1617.084826
1618.580685
1620.522066
1623.036068
1623.289610
1623.919657
1626.316923
1634.133033
1634.272215
1634.626888
1634.753004
1634.835743
1635.092111
1635.864781
1638.202409
1638.706012
1640.659026
1640.680448
1642.743849
1646.843003
1652.404019
1653.948334
1654.308905
1655.473644
1656.639406
1658.621092
1658.996408
1665.533256
1665.825587
1667.525796
1668.976599
1669.223014
1669.503959
1669.574287
1673.454019
1673.763922
1673.984246
1675.539988
1678.023721
1678.034166
1678.070907
1678.107034
1678.126776
1678.223483
1678.515896
1678.541660
1678.547886
1678.552678
1678.642381
1678.708818
1679.031869
1679.070249
1679.278735
1679.306465
1679.320637
1679.342756
1679.960105
1679.991521
1680.017900
1680.041370
1680.062300
1680.097198
1680.155320
1680.170557
1680.185549
1680.198042
1680.218604
1680.238469
1681.292329
1681.468129
1681.511752
1681.595433
1681.623409
1681.644052
1681.696973
1681.720279
1682.049352
1682.382725
1682.940396
1683.447562
1683.484508
1683.531653
1683.579126
1683.608576
1683.673006
1684.279378
1684.907745
1684.989583
1685.556797
1685.655224
1686.147604
1686.326067
1687.469015
1687.985152
1688.017551
1688.056422
1688.108892
1688.137892
1688.162591
1688.176558
1688.238244
1688.253030
1689.231565
1689.245655
1689.290056
1689.336914
1689.445294
1689.543434
1690.848379
1691.000177
1691.044864
1692.094628
1692.722135
1693.327852
1693.358531
1693.365740
1702.156616
1704.795464
1710.137385
1712.135700
1713.426719
1714.971156
1720.558674
1723.758633
1730.116403
1731.801416
1732.034478
1733.020631
1734.897951
1735.314964
1736.153498
1736.687944
1738.851410
1739.971011
1742.066401
1742.079427
1742.434140
1750.239519
1750.764749
1754.008371
1756.204483
1758.299300
1759.287296
1761.047101
1766.219080
1767.990723
1771.786691
1771.819131
1771.853824
1771.955241
1772.517908
1780.314644
1780.699709
1781.049631
1781.986632
1784.236401
1786.791281
1789.483213
1791.537480
1794.784952
1794.813829
1795.514532
1795.841679
1802.800906
1802.860339
1802.900357
1802.936361
1802.993951
1803.152794
1805.062185
1806.291763
1816.205599
1816.749834
1816.927805
1816.997847
1817.980314
1818.795622
1820.248023
1821.002670
1821.171753
1826.574623
1826.689679
1827.276022
1827.351470
1827.762586
1828.001669
1828.976189
1829.562860
1830.690161
1833.727754
1834.395566
1843.070034
1844.072530
1848.696668
1852.685844
1852.847145
1854.486651
1854.616371
1861.171118
1867.947049
1873.686979
1885.401211
1885.897196
1901.459333
1904.334725
1905.503969
1906.002452
1908.098335
1911.208673
1914.132890
1914.191094
1914.658816
1916.045066
1917.684408
1917.958554
1918.920212
1924.348273
1927.530496
1929.681715
1935.791350
1938.276352
1940.511785
1945.834291
