36.264018
49.782252
51.104358
60.090819
60.135875
60.165038
60.204933
60.244296
60.261581
60.279521
60.351939
60.368814
61.789307
62.903378
62.957076
62.967480
63.024701
63.063409
63.112724
63.137300
63.144468
63.494144
63.537439
63.782666
63.845622
64.196403
65.129718
65.211269
65.465754
69.009244
69.050081
69.086659
69.152195
69.210358
69.225185
70.506045
80.760054
82.385920
82.715484
86.090506
86.292111
89.240863
89.252864
89.272689
89.321103
89.347441
89.359933
89.554780
90.409001
90.437919
92.364472
92.489400
92.539453
95.156593
95.501926
101.171446
105.097421
105.134694
105.274778
115.225272
115.543163
117.235139
117.258936
117.351793
117.625242
117.688566
117.767782
117.822464
118.514196
118.608609
121.424978
121.439109
121.526477
121.811763
123.802542
123.888108
123.958600
124.073083
124.114616
124.127437
124.468429
124.512297
124.618015
124.648817
125.023805
125.154632
125.256991
127.063450
127.116698
127.137546
127.227126
130.695045
130.779259
133.759877
136.089027
138.552648
138.736927
139.203707
139.236639
140.393062
143.377326
143.476490
143.549112
143.982879
144.422380
144.471122
145.002865
146.423153
146.703073
149.635850
149.791293
153.038971
154.891796
154.902323
155.784151
156.417393
161.073357
161.167688
161.191485
161.372856
162.152325
164.459479
164.472095
164.481761
164.496302
164.504371
164.521574
164.875223
164.884644
164.903936
164.981678
165.012767
165.870838
165.890253
165.955789
166.480937
166.841098
167.717437
168.599921
168.802140
170.016645
170.036388
170.469786
175.398134
175.581266
175.775498
176.038052
182.307676
182.320046
182.374482
182.392996
182.417940
182.613934
184.013988
184.026931
184.037130
184.058061
184.100659
184.196833
184.306975
184.408433
184.444764
184.462541
184.473846
184.493957
184.501125
184.517591
184.527258
184.547287
184.556421
184.572477
184.595702
184.714977
184.878162
184.896307
184.905523
185.096315
185.270641
185.395528
185.597297
185.752371
186.108109
186.458972
186.630881
186.673848
186.846659
187.316347
187.929354
209.065492
210.843607
212.409876
218.416865
221.877821
223.561728
238.165074
238.198456
238.215537
239.902925
239.947858
240.143606
240.206356
249.257329
249.281823
249.344778
263.736443
263.863296
264.743281
286.315397
288.977715
294.365716
300.882412
307.655926
307.709297
307.727524
307.748332
326.219612
326.272655
326.297231
326.308045
326.324716
326.330982
326.343639
326.383780
326.443295
326.571786
326.978109
327.855268
328.007434
328.287150
328.383734
328.393892
328.472166
328.720548
328.930796
329.765151
331.335598
331.401093
335.874785
338.121482
338.123489
338.138030
338.155438
338.523218
339.238134
339.255869
339.271270
339.343073
339.435356
346.163364
347.413955
347.423908
347.443855
347.468104
347.477443
347.497882
347.518403
347.533558
347.547484
347.561984
347.571077
347.606671
347.619000
347.627274
347.643412
347.679457
347.699036
347.710956
347.722957
347.785421
347.951923
347.969413
348.012052
348.030280
348.088033
348.110070
348.127478
348.158280
348.286976
348.436931
348.505784
348.550308
348.560998
348.569354
348.592292
348.599255
348.608389
348.646564
348.654100
348.677161
348.692931
348.704891
348.716646
348.730819
348.960604
348.982149
348.994191
349.005414
349.110313
349.152870
349.216727
349.295370
349.542113
349.566853
349.578732
349.592371
349.645906
349.677527
349.711770
349.734298
350.023434
350.049853
353.072169
353.099776
353.249280
355.240837
355.291873
355.327508
355.393495
361.042207
365.983826
369.185669
369.258947
369.307034
369.323336
369.459896
369.488118
369.508680
369.533051
369.558487
369.592197
369.607475
369.731256
370.013839
370.625741
371.528868
371.829146
371.866296
371.882394
371.909222
371.929088
371.937444
371.973161
372.011827
372.040335
372.090307
372.098048
372.138394
372.445594
372.563108
372.857528
372.886364
376.759706
379.470029
388.602429
388.632330
388.752425
389.957345
396.699034
403.777864
403.844055
404.015186
404.095672
404.119880
411.475558
411.541750
411.629363
421.912822
425.170289
431.047680
431.139922
431.629353
432.378757
435.376701
436.514980
440.401920
441.361162
446.313349
446.685962
453.976310
454.505513
454.906348
454.931169
455.227269
456.554537
456.591073
456.880169
469.636014
499.263570
501.406065
517.870428
517.886607
519.652557
535.173980
551.050281
556.886016
557.057802
557.074391
557.476741
567.603036
580.189266
583.175373
605.056573
605.108101
605.120266
605.135831
605.230367
606.854308
606.993572
607.055258
607.133409
609.371628
609.593139
609.744486
609.760625
609.791754
609.850614
609.913487
609.968087
610.022932
610.091500
610.153513
610.235924
610.560246
610.593260
610.642534
610.897961
610.941501
610.999337
611.084657
611.363267
611.485819
611.597967
611.860931
611.946496
611.968451
612.171203
612.214825
612.453130
612.627456
612.863877
613.044675
613.064581
613.145190
613.174190
613.242266
613.443871
613.594317
613.747507
613.920481
613.950833
614.036972
614.230508
614.371041
614.396436
614.503055
615.061381
616.428134
619.659305
620.544942
620.801966
624.833413
624.899973
690.889605
691.271066
692.132127
692.313293
692.424745
693.838807
696.316846
697.912975
699.568824
699.581112
699.638784
699.679703
699.690312
699.697152
699.718779
699.738440
699.748925
699.768013
699.850752
699.902894
700.009431
700.127232
700.179825
700.267315
700.805202
700.832563
701.445243
701.668762
701.794468
702.228357
702.408131
702.960968
705.292329
705.908122
710.543032
710.759014
714.578289
715.240653
715.268055
715.622687
715.722875
716.970721
717.419561
718.712095
719.595643
720.782582
721.575199
727.363789
728.342733
728.936038
731.763794
731.798569
731.883971
731.902444
731.938038
732.035277
732.060754
732.089180
732.291645
735.186575
739.341885
748.717179
748.747489
749.943808
750.760141
751.831327
758.754632
761.960366
770.025472
774.768026
778.945331
780.992881
783.210660
784.109937
796.458844
800.828293
805.809725
805.848515
805.943747
805.951529
806.084485
806.272000
806.764831
810.843668
812.405473
814.982021
816.175432
830.187725
830.196982
830.225203
830.233354
830.238351
830.636401
830.650286
830.660731
831.243346
831.342674
831.424020
831.796470
833.139425
837.243822
837.443215
841.228698
841.238774
841.247949
842.084680
844.608717
845.332603
845.945078
855.745495
861.405348
863.587738
863.862948
864.573440
864.617677
866.401239
901.883658
908.994929
910.821294
912.111821
913.608335
914.959524
918.172877
919.219364
919.554540
919.615447
920.304640
920.436531
929.357046
929.745060
929.914757
931.105219
931.519775
932.652933
932.891279
939.063378
942.864302
943.418163
943.710249
951.825244
953.201992
953.220710
958.135869
959.222948
969.454838
969.461309
969.478758
970.318152
970.795500
971.312292
971.509801
971.600241
973.919396
974.601748
974.621000
975.338496
985.467453
985.503375
986.372342
987.533558
991.333990
995.136389
1002.152346
1002.176348
1002.724680
1004.747571
1012.210770
1012.585595
1018.343793
1018.473882
1018.846495
1018.872586
1019.526062
1021.247775
1021.537690
1022.195384
1022.210540
1022.256415
1022.311834
1023.959572
1024.565207
1025.696563
1026.231501
1026.846310
1030.927196
1030.943908
1031.133348
1032.123884
1034.146324
1034.174996
1034.730660
1037.568860
1038.448271
1038.783324
1038.886134
1039.255265
1039.977390
1040.159908
1040.333496
1040.504545
1040.977715
1043.095429
1046.496829
1046.507766
1059.821650
1060.065362
1061.392753
1061.639004
1061.788385
1062.486426
1063.168532
1071.407800
1071.549768
1071.898051
1071.907922
1072.085524
1072.127427
1075.659448
1076.044841
1076.142653
1077.432443
1078.302843
1078.326436
1082.756096
1087.548948
1092.122010
1092.131840
1098.814423
1098.829660
1098.842481
1098.880532
1098.906255
1099.321795
1099.333878
1099.342766
1099.347354
1099.630182
1099.967611
1100.142715
1100.586721
1101.214843
1101.456876
1104.099123
1107.774669
1116.284109
1119.796060
1121.879491
1138.458296
1150.133821
1150.837228
1153.131028
1153.272750
1153.381540
1153.668669
1154.044477
1158.182380
1173.908480
1183.788483
1184.998769
1195.598725
1196.988498
1196.998984
1197.012746
1197.018808
1197.049078
1197.705830
1197.946307
1198.169334
1198.237000
1198.263337
1198.399201
1198.478418
1198.684979
1198.769930
1198.846812
1198.908744
1199.229624
1199.757844
1200.390390
1200.512778
1201.778319
1203.044844
1203.448300
1203.579863
1206.293340
1206.777528
1208.204902
1210.859028
1211.468227
1212.083405
1234.773606
1234.791956
1239.889592
1239.903928
1239.957381
1239.970447
1239.984620
1240.027013
1240.108933
1240.316600
1240.351048
1240.366367
1242.015252
1243.913216
1245.017907
1245.029663
1245.111542
1245.240525
1245.579510
1245.756703
1245.786972
1245.810278
1246.158193
1246.381466
1246.485996
1246.613463
1246.742733
1249.099612
1249.202749
1249.576837
1253.669069
1258.710835
1264.370033
1264.478781
1264.567501
1264.586424
1264.595599
1264.629105
1264.639918
1264.647250
1264.666542
1264.934257
1264.996803
1265.013514
1265.533624
1265.546117
1265.593549
1265.676370
1265.712292
1265.747681
1265.818010
1266.029527
1266.181530
1266.551030
1267.142124
1267.284173
1267.464684
1267.545088
1271.147889
1271.190856
1271.223009
1271.766794
1272.091156
1272.160338
1272.280801
1272.460370
1272.751309
1272.931860
1273.206211
1273.317908
1273.810493
1276.325110
1276.421734
1276.614001
1276.727828
1277.067100
1277.196943
1277.582459
1278.284636
1278.766285
1278.958305
1279.566520
1284.587725
1285.015101
1285.243494
1290.088776
1290.631700
1290.650296
1290.658365
1291.500954
1291.574764
1292.012052
1298.921677
1299.046277
1299.056599
1313.143439
1329.556275
1329.569055
1330.287739
1330.678579
1330.729206
1330.769551
1331.179479
1333.351383
1333.858836
1333.880668
1335.485686
1336.147108
1371.413955
1378.682716
1378.693652
1389.661635
1389.702021
1389.971784
1390.581883
1393.231503
1393.240515
1393.246167
1393.281843
1393.339474
1393.350205
1393.359503
1393.374126
1393.538007
1393.599201
1393.769759
1393.796506
1393.865523
1394.603991
1394.855444
1395.294822
1396.243907
1396.349010
1396.373668
1396.687380
1401.289236
1401.456558
1402.015334
1402.845594
1402.902159
1402.943734
1402.988380
1406.402683
1406.427628
1406.598595
1406.782218
1415.849042
1415.861207
1415.887012
1416.078868
1416.382259
1417.978348
1427.651461
1432.158495
1436.030280
1441.814692
1445.281096
1445.326561
1445.383864
1445.453087
1445.529354
1452.393595
1452.635873
1459.272458
1462.108692
1463.080591
1471.840461
1473.714094
1476.073554
1477.788795
1500.746342
1503.304131
1503.320965
1503.335465
1503.518392
1503.696323
1505.387151
1506.468905
1519.193293
1519.445320
1532.114780
1533.316137
1533.334651
1534.927176
1589.115412
1589.121352
1589.134418
1589.141340
1589.182956
1589.194342
1589.202493
1589.208187
1589.238088
1589.247345
1589.272003
1589.283144
1589.290557
1589.295964
1589.322056
1589.329838
1589.340938
1589.359739
1589.379195
1589.404918
1589.415485
1589.426504
1589.437891
1589.446287
1589.462344
1589.479178
1589.501379
1589.524849
1589.540536
1589.552783
1589.576131
1589.593129
1589.604065
1589.610988
1589.636833
1589.658051
1589.675622
1589.699789
1589.711872
1589.729075
1589.745459
1589.753201
1589.759222
1589.773394
1589.782036
1589.817508
1589.855764
1589.864448
1589.900780
1589.917778
1589.950628
1589.965783
1589.974057
1589.981307
1590.002647
1590.019686
1590.034514
1590.044631
1590.055363
1590.088458
1590.107791
1590.147400
1590.229852
1590.237389
1590.257992
1590.269911
1590.299730
1590.319718
1590.342287
1590.462915
1590.529229
1590.590423
1590.618030
1590.667756
1590.728335
1590.815130
1591.025910
1591.069327
1591.099638
1591.197204
1591.213875
1591.244063
1591.335076
1591.359324
1591.474381
1592.390369
1592.502477
1592.922563
1595.381965
1607.623107
1625.071657
1627.929764
1673.007063
1673.017672
1673.235620
1675.313234
1675.386348
1675.483832
1675.812454
1676.072591
1676.145500
1676.755149
1676.767764
1676.784886
1676.792136
1676.818473
1676.827689
1676.858204
1676.891791
1676.918415
1676.929802
1676.954829
1676.979241
1677.189120
1678.466458
1681.167032
1681.876132
1681.894892
1682.112061
1682.190459
1682.252104
1682.278646
1682.296218
1682.450555
1682.532434
1682.596495
1683.404349
1683.427820
1683.567493
1683.580191
1683.716178
1686.114755
1686.326231
1686.519276
1686.539100
1687.286784
1688.621425
1688.669471
1688.999404
1689.099878
1691.715133
1692.712018
1692.821217
1692.838175
1692.930212
1692.999066
1693.239419
1693.249290
1693.258629
1693.266985
1693.295288
1693.303931
1693.309542
1693.321462
1693.348864
1693.372252
1693.399450
1693.465190
1694.033347
1694.042071
1694.054728
1694.072095
1694.079099
1694.097326
1694.165279
1694.234542
1694.246134
1694.344970
1694.439424
1694.499185
1694.508360
1694.524293
1694.548787
1694.557553
1694.577705
1694.587044
1694.594744
1694.603346
1694.621901
1694.649549
1694.659338
1694.672159
1694.685471
1694.705132
1694.711767
1694.719386
1694.729585
1694.744207
1694.755799
1694.780621
1694.842020
1695.360246
1695.405998
1695.450849
1695.545836
1695.559148
1695.600067
1695.677932
1695.694766
1695.716106
1695.791432
1695.848161
1696.011182
1696.081633
1696.095027
1696.103383
1696.138732
1696.148644
1696.183132
1696.212828
1696.238387
1696.271032
1696.341647
1696.447693
1696.735846
1696.950395
1696.986071
1697.007739
1697.022157
1697.241498
1697.290813
1697.380966
1697.491108
1697.588183
1697.657283
1697.673052
1697.745674
1697.969111
1698.045092
1698.141757
1698.162606
1698.221834
1698.233098
1698.255831
1698.370970
1698.440110
1698.521129
1698.540339
1698.654085
1698.760663
1698.837627
1698.935767
1699.055329
1699.075154
1699.175670
1699.372319
1699.602432
1699.616358
1699.689308
1699.858268
1700.385546
1700.398940
1700.425441
1700.658954
1700.669071
1700.693443
1700.707410
1700.716175
1701.098004
1701.354701
1701.494866
1701.605786
1701.699953
1701.752259
1701.866332
1702.031852
1702.049178
1702.062776
1702.193971
1702.250701
1702.306611
1702.360392
1702.436168
1702.548234
1702.611763
1702.626222
1702.699745
1702.796411
1702.847939
1703.009075
1703.148216
1703.614628
1703.675290
1703.724933
1703.734927
1703.750083
1703.767286
1703.781868
1703.791370
1703.805420
1703.820124
1703.839990
1703.857562
1703.873577
1703.917158
1703.927849
1703.965573
1703.981015
1704.031396
1704.140841
1704.393277
1704.416707
1704.448532
1704.467374
1704.495718
1704.695603
1704.823194
1704.862556
1704.951890
1704.986911
1705.016648
1705.145139
1705.237873
1705.285673
1705.303859
1705.373123
1705.582305
1705.602908
1705.635881
1705.685852
1705.782272
1705.829253
1705.953567
1706.066493
1706.129654
1706.175283
1706.193347
1706.214277
1706.230088
1706.309755
1706.534420
1706.568622
1706.595533
1706.708541
1706.827244
1706.909245
1706.952581
1706.984858
1707.097784
1707.112899
1707.314299
1707.536835
1707.623506
1707.642225
1707.667907
1707.863122
1708.130427
1708.189164
1708.258140
1708.413215
1708.518113
1708.571320
1708.651971
1708.724920
1708.984607
1709.047316
1709.330555
1709.349069
1709.385769
1709.432259
1709.480059
1709.504389
1709.668393
1709.678019
1709.702103
1709.711278
1709.720330
1709.739950
1709.758341
1709.769277
1709.795983
1709.810524
1709.818429
1709.829038
1709.849559
1709.857546
1709.876183
1709.886874
1709.901906
1709.942743
1709.955564
1709.978542
1710.006641
1710.229012
1710.277222
1710.289551
1710.331044
1710.424187
1710.439997
1710.460559
1710.552269
1710.693540
1710.831206
1710.860984
1711.047188
1711.070331
1711.154627
1711.213978
1711.232737
1711.280906
1711.389655
1711.421891
1711.600968
1711.769395
1711.796634
1711.904686
1712.184402
1712.271606
1712.490824
1712.741171
1712.768205
1712.896655
1712.918077
1712.938680
1713.117676
1713.137500
1713.153966
1713.180631
1713.194844
1713.216512
1713.246618
1713.262879
1713.276846
1713.293722
1713.306829
1713.339310
1713.353810
1713.410499
1713.423237
1713.462477
1713.512980
1713.569874
1713.698202
1713.805476
1713.911931
1714.043453
1714.068234
1714.215895
1714.340577
1714.468127
1714.486927
1714.517606
1714.530181
1714.548531
1714.571018
1714.619638
1714.643845
1714.810880
1714.852250
1714.885632
1715.021537
1715.057459
1715.071836
1715.129303
1715.309855
1715.395502
1715.430031
1715.512361
1715.589079
1715.809239
1715.854950
1715.884032
1715.908198
1716.113613
1716.189880
1716.388905
1716.701389
1716.780483
1716.812677
1717.351916
1717.365432
1717.376369
1717.685207
1717.800346
1717.825167
1717.835203
1717.998223
1718.087721
1718.204416
1718.224568
1718.249923
1718.322872
1718.366290
1718.380626
1718.392259
1718.717112
1718.760776
1718.783427
1718.930964
1719.403438
1719.495885
1719.629865
1719.902495
1719.948861
1720.030167
1720.163205
1720.346870
1720.380047
1720.433500
1720.458609
1720.482324
1720.635924
1721.373082
1721.452913
1721.673155
1721.974866
1722.034872
1722.126377
1722.279117
1722.369188
1722.552975
1722.578575
1722.600284
1722.722918
1722.783089
1722.876436
1722.902487
1723.154473
1723.488010
1723.513446
1723.528233
1723.549491
1723.558298
1723.623096
1723.689902
1724.025733
1724.160901
1724.185559
1724.378972
1724.406415
1724.651356
1724.663276
1724.857549
1725.021061
1725.188137
1725.200220
1725.223404
1725.238927
1725.246587
1725.290455
1725.316137
1725.370573
1725.410058
1725.427589
1725.438280
1725.471621
1725.483663
1725.536788
1725.713981
1725.882819
1725.903340
1726.037156
1726.150246
1726.623580
1726.804500
1726.967972
1727.122637
1727.313674
1727.740191
1727.808102
1727.859098
1728.062095
1728.136806
1728.186655
1728.344637
1728.667443
1728.967762
1729.023795
1729.061396
1729.123901
1729.224745
1729.434419
1729.500692
1729.535672
1729.710694
1729.853604
1729.938883
1729.955717
1730.071060
1730.140365
1730.268324
1730.457682
1730.579292
1730.608824
1730.760008
1731.412828
1731.531899
1731.614106
1731.821527
1731.876905
1731.977011
1732.042916
1732.273193
1732.382761
1732.408402
1732.449731
1732.668088
1732.725883
1732.873871
1733.013422
1733.073797
1733.101978
1733.180908
1733.291827
1733.338399
1733.547295
1733.686845
1733.822956
1733.966479
1734.061384
1734.246072
1734.628270
1734.674350
1734.938255
1735.230054
1735.419044
1735.721492
1735.864238
1735.945134
1736.552284
1736.575099
1736.763146
1736.972370
1737.091564
1737.155011
1737.350513
1737.421660
1738.186424
1738.199040
1738.210673
1738.230170
1738.431365
1738.480353
1738.597130
1738.650214
1738.667581
1738.675159
1738.695926
1738.716815
1738.725417
1738.826179
1738.843341
1739.052401
1739.206656
1739.236270
1739.261501
1739.283866
1739.327980
1739.389174
1739.414733
1739.488215
1739.911537
1739.958764
1739.990303
1740.033802
1740.267848
1740.541870
1740.573409
1740.604662
1740.629238
1740.794962
1740.898468
1740.922266
1741.159629
1741.384376
1741.800202
1741.974200
1742.044611
1742.094418
1742.297825
1742.319084
1742.331535
1742.348861
1742.629929
1742.639596
1742.652785
1742.885396
1742.900060
1742.947246
1743.001272
1743.341896
1743.419228
1743.441797
1744.661627
1744.674857
1744.691036
1744.712049
1744.737526
1744.746783
1744.761078
1744.776929
1744.821821
1744.858931
1744.882565
1744.913326
1744.923525
1745.006346
1745.043210
1745.068442
1745.223967
1745.274921
1745.375109
1745.387438
1745.421271
1745.446216
1745.497580
1745.519780
1745.569014
1745.636925
1745.873592
1745.895588
1745.941832
1746.007572
1746.117304
1746.150973
1746.243420
1746.296463
1746.321449
1746.402468
1746.518385
1746.637292
1746.678006
1746.719826
1746.774712
1747.131802
1747.284541
1747.412787
1747.546767
1747.579167
1747.610952
1747.626476
1747.646996
1747.688448
1747.702374
1747.728589
1747.742474
1747.786179
1747.824517
1748.190781
1748.341555
1748.353270
1748.370678
1748.384522
1748.401684
1748.438221
1748.481597
1748.511662
1748.606116
1748.818084
1748.835820
1748.928307
1749.051392
1749.176033
1749.225923
1749.285970
1749.398774
1749.511291
1749.705810
1749.760778
1750.189752
1750.216991
1750.285230
1750.338232
1750.364611
1750.591201
1750.649078
1750.756639
1750.941204
1751.064453
1751.350067
1751.604019
1751.867761
1752.018452
1752.039711
1752.581816
1752.920515
1752.934605
1752.963932
1752.976302
1752.994857
1753.005138
1753.107251
1753.376399
1753.438904
1753.484042
1753.622692
1753.699697
1753.804227
1753.890488
1754.207437
1754.342154
1754.519921
1754.623877
1754.640957
1754.650378
1754.668237
1754.687406
1754.741678
1754.766213
1754.772890
1754.807706
1754.829128
1754.850918
1755.008369
1755.143004
1755.280179
1755.389911
1755.756339
1755.825398
1755.889623
1755.965153
1756.315525
1756.380160
1756.442583
1756.596019
1756.783944
1757.105521
1757.201162
1757.331456
1757.487391
1757.629399
1757.833380
1758.016635
1758.134804
1758.146028
1758.172570
1758.226514
1758.268375
1758.400881
1758.422671
1758.458511
1758.486569
1758.791475
1758.893261
1759.070495
1759.260262
1759.341036
1759.522980
1759.663186
1759.676170
1759.702385
1759.928115
1759.989842
1760.078602
1760.107766
1760.407183
1760.524943
1760.649789
1760.740229
1760.842629
1761.177887
1761.242235
1761.385103
1761.432535
1761.796710
1762.047468
1762.159739
1762.195702
1762.386371
1762.547220
1762.632868
1762.694595
1762.712330
1762.727608
1762.843853
1763.475005
1763.839836
1764.243907
1764.391322
1764.551516
1764.695572
1765.561467
1766.071624
1766.087107
1766.099599
1766.112379
1766.162432
1766.382100
1766.590382
1766.622577
1766.671442
1766.840361
1766.868255
1766.952591
1767.024435
1767.316931
1767.419699
1767.500472
1767.839375
1768.171684
1768.274985
1768.296817
1768.339169
1768.373740
1768.541225
1768.800870
1769.013699
1769.036513
1769.053594
1769.065472
1769.094103
1769.239020
1769.309102
1769.436733
1769.696092
1769.810452
1769.874063
1769.889300
1769.904046
1770.115604
1770.141082
1770.353254
1770.423091
1770.501693
1770.593444
1770.724680
1770.738237
1770.810860
1771.523973
1771.722138
1772.010414
1772.035236
1772.066529
1772.086600
1772.152750
1772.395028
1772.410184
1772.424151
1772.450693
1772.464005
1772.477563
1772.505580
1772.524667
1772.533187
1772.555059
1772.599951
1772.664955
1772.691251
1772.711404
1772.734341
1772.756419
1772.768010
1772.796109
1772.809708
1772.844401
1772.863980
1772.931400
1772.950077
1772.962980
1772.989071
1773.041418
1773.376348
1773.491487
1773.546127
1773.578977
1773.664952
1773.716972
1773.729014
1773.769646
1773.880361
1773.998244
1774.121574
1774.148321
1774.227251
1774.512824
1774.527570
1774.550303
1774.671585
1774.810071
1774.903214
1774.947000
1775.041987
1775.117763
1775.401083
1775.533466
1775.661629
1775.690998
1775.884001
1776.015073
1776.087368
1776.138076
1776.205128
1776.322724
1776.361636
1776.404767
1776.445112
1776.614441
1776.726139
1776.755835
1776.827146
1776.929710
1776.939336
1776.957932
1777.214628
1777.420902
1777.479967
1777.550705
1777.737892
1777.795277
1777.831977
1777.929093
1778.043863
1778.144870
1778.215199
1778.332344
1778.442732
1778.516705
1778.673336
1778.724209
1778.791424
1779.121029
1779.133645
1779.157402
1779.338117
1779.452805
1779.498066
1779.525345
1779.540460
1779.568148
1779.688612
1779.733873
1779.837829
1779.910861
1780.067369
1780.163338
1780.355523
1780.408320
1780.482089
1780.510679
1780.527104
1780.691476
1780.866990
1780.887224
1780.900864
1780.977664
1781.092229
1781.198725
1781.260452
1781.309194
1781.320458
1781.398651
1781.456773
1781.576212
1781.648753
1781.671526
1781.697208
1781.726577
1781.785846
1781.867848
1781.901394
1781.955912
1781.982618
1782.007685
1782.022881
1782.042706
1782.355476
1782.709535
1783.095828
1783.514399
1783.730790
1783.836385
1783.973069
1784.014643
1784.128102
1784.216863
1784.545485
1784.563507
1784.601518
1784.628797
1784.666481
1784.722391
1784.852275
1784.873533
1784.910602
1785.063875
1785.086403
1785.103319
1785.161933
1785.413878
1785.521480
1785.550930
1785.579028
1785.807340
1785.884099
1786.080788
1786.184294
1786.302341
1786.425754
1786.585743
1786.673480
1786.710958
1786.881761
1787.071570
1787.191009
1787.284275
1787.360215
1787.375862
1787.426734
1787.646525
1787.712594
1787.739095
1787.756093
1787.769651
1787.788902
1787.930501
1788.163400
1788.326625
1788.374958
1788.439839
1788.459459
1788.582830
1788.680847
1788.731392
1788.807332
1788.853125
1789.007585
1789.053256
1789.421240
1789.471252
1789.541130
1789.605233
1789.798031
1789.901701
1789.929431
1789.969818
1789.997097
1790.141071
1790.215782
1790.231962
1790.318223
1790.480138
1790.704845
1790.725325
1790.827151
1791.077499
1791.136891
1791.184773
1791.315927
1791.511265
1791.706604
1791.779635
1791.853445
1791.901368
1791.933932
1792.044974
1792.197673
1792.254444
1792.283771
1792.359588
1792.372613
1792.405955
1792.423608
1792.815882
1792.981197
1793.139261
1793.160847
1793.305969
1793.340375
1793.703158
1793.909146
1793.980948
1794.030715
1794.045133
1794.172559
1794.286797
1794.373796
1794.475827
1794.590884
1794.750177
1794.779136
1794.830828
1794.850120
1795.333775
1795.351593
1795.379282
1795.750994
1795.822264
1795.935928
1796.022149
1796.043940
1796.053934
1796.121068
1796.163625
1796.220600
1796.347167
1796.456817
1796.583629
1796.846674
1797.073347
1797.100462
1797.114716
1797.230223
1797.318615
1797.623357
1797.869609
1797.985280
1798.222397
1798.419374
1798.564168
1798.755901
1798.930678
1799.035331
1799.277117
1799.381279
1799.516856
1799.640678
1799.764992
1799.888937
1800.121180
1800.309023
1800.496497
1800.644977
1800.943002
1801.035080
1801.217270
1801.272156
1801.467781
1801.505014
1801.618596
1801.910477
1802.150011
1802.335478
1802.352804
1802.454098
1802.662666
1802.752860
1802.785178
1803.083162
1803.357184
1803.652833
1803.690271
1803.962778
1804.178391
1804.643533
1804.855706
1804.910920
1805.065544
1805.302252
1805.646520
1807.209390
1807.496561
1807.607276
1807.723971
1807.886418
1808.121283
1808.797286
1809.049272
1809.114522
1809.433682
1809.823580
1810.108826
1810.119270
1810.379162
1810.505114
1810.821448
1810.873549
1811.359375
1811.378299
1811.514450
1811.885097
1812.258734
1812.506829
1812.626391
1812.933018
1813.236736
1813.412291
1813.547008
1813.856051
1814.056264
1815.096033
1815.146209
1815.806362
1815.982121
1816.550646
1816.821514
1816.871035
1816.890286
1816.936079
1817.102500
1817.117860
1817.134531
1817.865011
1817.909494
1817.921085
1817.949020
1818.152673
1818.830152
1818.890035
1818.910556
1818.962452
1818.976502
1819.003535
1819.236639
1819.382989
1819.806884
1820.054856
1820.107981
1820.132762
1820.215009
1820.320195
1820.776038
1820.836495
1821.074514
1821.308027
1821.457981
1821.539860
1821.839647
1821.855048
1822.117028
1822.276280
1822.467932
1822.900675
1823.187272
1823.882568
1825.906524
1825.922744
1825.944658
1826.005565
1826.121196
1826.371092
1827.196273
1828.363305
1829.426954
1831.142564
1832.032911
1832.226652
1832.843182
1833.092628
1833.273426
1833.507922
1835.380654
1835.428168
1835.563540
1835.574395
1835.637391
1837.603430
1837.614858
1837.626204
1837.703987
1837.805896
1837.893059
1838.054892
1838.093066
1838.532772
1838.608835
1838.781030
1838.912553
1839.070290
1839.106171
1839.996436
1840.076431
1840.184443
1840.345661
1840.477430
1840.489103
1840.548413
1840.596173
1841.120788
1841.369170
1841.602396
1841.614193
1841.662362
1841.907630
1841.932411
1842.125087
1842.254520
1842.288312
1842.306089
1842.313462
1842.419139
1843.529523
1843.590758
1843.844260
1843.887555
1844.060119
1844.319601
1844.439040
1844.597514
1844.776796
1844.795269
1844.835328
1844.861256
1844.883579
1844.933304
1844.947190
1844.955832
1844.974838
1844.984136
1845.043814
1845.063803
1845.170340
1845.245297
1845.364695
1845.404631
1845.519278
1845.640438
1845.771674
1845.866086
1846.023619
1846.053683
1846.092677
1846.130074
1846.247670
1846.308086
1846.480077
1846.572196
1846.726738
1846.745866
1846.778388
1846.946529
1846.984950
1847.001702
1847.090831
1847.233126
1847.488184
1847.577846
1847.807386
1847.828644
1847.886520
1847.920108
1848.017347
1848.129741
1848.469053
1848.538194
1848.581857
1848.747909
1848.794317
1849.061212
1849.087959
1849.226650
1849.433252
1849.608765
1849.883197
1849.909043
1849.933087
1850.069688
1850.176266
1850.547405
1850.708009
1850.731930
1850.762281
1850.781491
1850.920223
1850.984899
1851.188429
1851.373445
1852.600402
1852.746465
1852.792750
1853.114163
1853.163028
1853.405594
1853.416940
1853.570540
1853.836411
1853.846569
1853.863117
1853.883679
1854.178345
1854.302986
1855.354962
1855.668060
1855.927747
1855.987507
1856.799334
1856.970875
1857.220690
1857.474642
1857.488527
1857.578435
1857.644544
1857.677681
1857.851269
1858.016174
1858.150687
1858.209751
1858.361999
1858.492539
1859.109110
1859.255828
1859.374735
1859.429990
1859.455263
1859.501629
1859.530834
1859.887063
1859.905126
1859.958415
1859.983032
1860.078019
1860.220846
1860.330701
1860.484628
1861.009736
1861.040087
1861.083996
1861.264916
1861.285274
1861.371699
1861.805179
1862.017106
1862.446285
1862.629130
1862.715597
1862.731366
1863.108035
1863.222927
1863.375053
1863.445668
1863.601562
1863.641170
1863.784079
1863.916585
1864.126546
1864.286495
1864.594514
1864.941117
1865.126257
1865.248686
1865.457091
1865.775063
1865.994363
1866.147308
1866.327818
1866.353459
1866.612531
1866.905436
1867.253801
1867.322614
1867.411374
1867.461632
1867.527127
1867.650253
1867.664384
1867.807703
1867.901501
1868.115149
1868.873155
1869.164954
1869.292012
1869.643530
1869.766615
1869.820191
1870.591304
1870.813307
1871.594619
1871.687680
1871.714673
1871.876874
1872.298189
1872.791306
1873.189724
1873.713521
1873.724662
1873.752719
1873.776026
1873.929175
1873.998234
1874.160845
1874.195087
1874.243748
1874.449981
1874.659041
1874.743951
1874.860524
1875.016786
1875.135447
1875.581092
1875.804897
1875.999826
1876.264018
1876.427612
1876.681523
1876.759511
1877.033902
1877.049262
1877.091615
1877.169889
1877.192991
1877.230838
1877.283348
1877.598945
1877.684593
1877.735997
1877.803500
1877.821071
1877.945672
1878.202696
1878.313206
1878.786540
1879.109632
1879.197614
1879.281705
1879.365550
1879.381033
1879.923220
1880.166441
1880.365343
1880.527217
1881.458811
1882.223780
1882.809139
1882.967654
1883.181916
1883.591066
1883.842109
1883.972731
1884.532244
1886.276321
1887.105393
1887.742525
1888.563569
1888.814039
1889.079706
1889.609032
1889.768817
1889.991762
1890.793021
1890.914263
1891.016745
1891.143926
1891.774546
1892.243620
1892.858348
1894.525379
1894.699827
1894.712730
1894.759916
1895.114220
1895.252214
1895.306363
1896.691548
1900.024668
1900.046295
1900.539453
1900.566528
1900.758835
1900.782223
1900.973343
1901.495091
1901.519790
1901.600031
1901.693215
1901.713121
1903.298150
1903.402230
1903.599575
1903.729050
1903.774392
1903.915131
1904.053453
1904.154255
1905.483284
1905.502167
1905.513185
1906.287370
1907.037635
1908.019282
1908.258939
1908.309565
1908.323860
1908.613120
1908.821197
1908.906230
1908.943913
1908.953334
1909.167227
1909.278024
1909.400248
1909.552783
1909.772001
1909.786788
1909.928428
1910.729318
1911.153336
1912.030372
1912.172052
1913.907528
1914.385981
1914.886717
1915.524792
1915.795333
1916.852265
1916.990464
1917.005046
1917.022495
1917.259653
1918.324654
1923.102269
1923.770532
1923.832545
1923.996672
1924.838932
1924.851016
1924.969718
1925.004902
1925.058028
1925.397381
1925.995233
1926.109061
1926.139617
1926.156411
1928.282317
1928.419164
1928.563712
1928.843469
1935.002132
1935.049646
1935.216763
1935.412675
1935.466578
1936.939868
1937.053368
1937.101660
1937.594122
1937.974067
1938.708152
1939.386204
1940.383048
1940.697784
1940.885012
1941.619794
1942.922322
1942.944481
1943.412163
1944.076124
1947.197972
1947.494646
