34.933023
34.987704
35.007119
35.020636
35.033661
35.046277
35.102310
35.181486
35.269878
35.566551
35.612426
35.642573
35.803587
35.811615
35.848643
36.053565
36.096983
36.107510
36.283228
36.707942
36.714701
36.722729
36.734321
36.830126
36.842209
36.850156
36.868301
36.885750
36.891935
37.093704
37.190984
37.386854
38.098371
38.704742
39.195443
39.220838
39.242424
39.581942
39.666115
39.718298
39.726367
40.025661
40.245248
40.278016
40.311194
40.434115
40.659026
40.710144
40.739062
40.784568
40.815821
41.433293
41.466429
41.504604
41.539543
41.555313
41.583657
41.650872
41.691832
41.800827
41.875948
41.920758
42.028483
42.554941
42.616709
42.644644
42.695844
42.751672
43.000095
43.098030
43.114373
43.174666
43.353498
43.683758
43.866071
43.879424
43.948605
43.971215
44.169544
44.241920
44.272886
44.363244
44.401009
44.448645
44.473262
44.479160
44.486369
44.568044
44.612444
44.723118
44.757811
44.769444
44.780667
44.820480
44.854600
45.202186
45.372129
45.463429
45.562307
45.604659
45.636076
45.694239
45.729792
45.768335
45.823549
45.883064
45.962486
46.143939
46.175887
46.465966
46.479360
46.590280
46.598021
46.635131
46.638694
46.697267
46.714429
46.798807
46.911611
46.932664
46.954455
47.175926
47.217910
47.251988
47.337021
47.372452
47.410422
47.444705
47.493530
47.495946
47.505818
47.519498
47.573565
47.589622
47.629353
47.642092
47.651144
47.661425
47.712010
47.735603
47.817318
47.875973
47.936471
48.084869
48.172032
48.186409
48.197960
48.208609
48.235520
48.272630
48.296100
48.344474
48.454738
48.519619
48.612065
48.745513
48.783524
48.919020
48.982548
48.991519
49.085194
49.121567
49.150157
49.191158
49.279222
49.284178
49.294213
49.354834
49.363190
49.394442
49.416356
49.560125
49.595679
49.612513
49.641677
49.663795
49.705984
49.719296
49.730068
49.802691
49.814446
49.844511
49.872814
50.172355
50.239611
50.258412
50.293391
50.328003
50.350162
50.424463
50.509414
50.595594
50.611036
50.647081
50.665185
50.688082
51.055084
51.118735
51.205816
51.235881
51.298796
51.326648
51.360522
51.369779
51.420201
51.508101
51.518915
51.555697
51.565691
51.575153
51.595510
51.672965
51.800474
51.840860
51.882394
51.897426
52.001792
52.126679
52.265656
52.315955
52.325212
52.505600
52.510966
52.872479
52.884439
53.359821
53.402829
53.423268
53.446615
53.466644
53.518336
53.568758
53.983109
54.113772
54.148137
54.336758
54.427075
54.431621
54.444237
54.500721
54.518784
54.547046
54.554747
54.602056
54.768230
54.793421
54.998876
55.039959
55.223910
55.256310
55.653990
55.790715
55.857070
55.981548
56.248484
56.354611
56.400282
56.459182
56.815698
56.834621
56.940749
56.975811
57.006449
57.083945
57.122734
57.168241
57.175040
57.223864
57.259745
57.285386
57.632686
57.656033
57.858744
57.967206
58.090332
58.147308
58.344202
58.564567
58.603151
58.622894
58.866688
58.925752
59.039130
59.058668
59.093893
59.135263
59.171308
59.185234
59.528397
59.548385
59.605770
59.681423
59.744748
59.868733
60.151235
60.203377
60.207145
60.229304
60.266209
60.613386
60.686008
60.713206
60.877292
61.032407
61.254820
61.354762
61.390234
61.395558
61.410796
61.420421
61.488456
61.705830
61.773783
62.435000
62.899118
62.926111
62.957937
62.964941
62.981366
63.047066
63.091425
63.399240
63.572255
63.710249
64.354140
64.658022
64.702833
64.805683
64.819651
65.045832
65.057260
65.065206
65.081426
65.093837
65.123164
65.162281
65.234289
65.291510
65.351188
65.413079
65.430569
65.576550
65.589453
66.463498
66.474435
66.594202
66.603745
66.618204
66.670223
66.683781
66.728182
66.743132
66.778890
66.806538
67.008963
67.073720
67.258982
67.400131
67.476029
67.521085
67.570524
67.583099
67.915489
68.071178
68.492124
68.512031
68.962877
69.014077
69.028454
69.035581
69.068841
69.088051
69.109842
69.139907
69.166162
69.623849
69.868872
70.556140
70.662185
70.716621
70.753157
71.070556
71.269786
71.308452
71.346258
71.364649
71.452877
71.572644
71.715062
71.850312
71.899668
71.992525
72.072233
72.164844
72.174223
72.182743
72.207770
72.251884
72.278262
72.290386
72.310743
72.318116
72.352440
72.758559
72.922767
72.951972
73.024061
73.058263
73.891963
74.051174
74.082386
74.116301
74.191299
74.211533
74.230006
74.458972
74.514022
74.691420
74.811392
75.228488
75.366441
75.609047
75.622031
75.909366
76.055552
77.862830
77.873684
77.889782
77.967155
77.979197
77.988291
78.005821
78.229340
78.447903
78.481818
78.506353
78.990336
79.097856
80.110060
80.808796
81.149420
81.192100
81.639301
81.747149
81.842135
81.911235
82.270249
82.306376
82.313462
82.323456
82.331034
82.336891
82.362982
82.379284
82.385510
82.400788
82.432492
82.458952
82.472755
82.514043
82.521252
82.536325
82.608620
82.634957
82.651996
82.809160
83.068150
83.297935
83.682796
83.920364
84.716749
84.726948
84.744192
84.808868
84.879032
84.906189
84.951900
84.972913
85.069865
85.075476
85.092270
85.096735
85.101937
85.858591
86.730179
86.896435
86.977782
87.003955
87.018701
87.484006
87.572070
87.839498
87.919985
88.051712
88.162222
88.324055
88.376852
88.405729
88.653292
88.857477
88.874025
88.903680
88.971919
88.983429
89.001984
89.064161
89.090048
89.122693
89.177006
89.199575
89.263473
89.273180
89.295954
89.325527
89.352806
89.513615
89.548268
89.782968
89.798820
89.831014
89.838469
89.918792
89.938616
90.151444
90.323517
90.402775
90.435748
90.493829
90.540564
90.674708
90.735575
90.823025
90.851901
90.870825
91.245896
91.376353
91.438408
91.831910
91.950326
91.998659
92.309094
92.353331
92.397322
92.455158
92.462121
92.516024
92.851323
92.886794
93.174948
93.249659
93.753836
93.791109
93.801718
94.044938
94.117233
94.162903
95.239578
95.371551
95.981527
96.449946
96.553247
96.589496
96.707789
96.761364
96.815841
96.976077
96.990618
97.051607
97.114153
97.146266
97.159168
97.187635
97.380229
97.582490
97.812808
97.830420
97.879736
98.297283
98.500239
98.701435
98.728509
99.457556
99.923272
100.500398
100.565688
100.793836
100.869284
101.214618
101.233091
101.245911
101.297234
101.763973
101.908234
102.081536
102.158049
102.172017
102.740419
102.820004
102.827704
103.312343
103.355924
103.791124
103.883162
103.976264
104.189829
104.333844
104.361411
104.657101
104.818770
105.154191
105.188024
105.272361
105.317949
105.338470
105.605079
105.640550
105.648333
105.653535
105.669386
105.674015
105.699820
105.727672
105.760317
105.811927
105.848136
105.887498
106.039460
106.282762
106.364805
106.371277
106.382377
106.400563
106.698916
106.766418
106.825523
106.827366
106.872218
107.093770
107.350139
107.979571
108.648694
108.728156
109.370819
109.444465
109.533553
109.683466
109.752443
109.867581
110.186291
110.203494
110.555996
110.953226
111.425372
112.326083
112.414679
112.754524
112.842506
112.844472
113.168753
113.542144
113.594286
113.983119
114.158387
114.176778
114.213028
114.233876
114.283479
114.336973
114.370724
114.409513
115.166536
115.349135
115.481518
115.511992
115.522806
115.574866
115.595919
115.607634
115.693199
115.792404
116.109189
116.183900
116.308951
116.350280
116.399596
116.401889
116.642161
116.647690
116.804116
116.854415
116.882719
117.172224
117.201347
117.274952
117.282652
117.345198
117.352653
117.359534
117.433876
117.523988
117.592924
117.607588
117.620163
117.632369
117.656248
117.665382
117.756436
117.782651
117.801288
118.128189
118.143672
118.177137
118.342738
118.361252
118.390129
118.398607
119.266877
119.286538
120.106516
120.185119
120.208548
120.300052
120.308081
120.309187
120.324260
120.339538
120.380006
120.446976
120.472453
120.818319
120.907899
120.933581
120.947507
121.021522
121.288950
121.298944
121.381560
121.421455
121.452134
121.463276
121.473802
121.528525
121.544909
121.607086
121.653535
121.704161
122.240901
122.354483
122.399498
122.498908
122.823352
122.985964
122.994647
123.046420
123.127849
123.263468
123.369677
123.650376
123.691581
123.722383
123.764244
123.949793
123.998372
124.172493
124.188058
124.385731
124.721930
125.001155
125.418906
125.441966
125.454213
125.463880
125.474857
125.515530
125.551043
125.575086
125.597123
125.615145
125.639434
125.690798
125.705544
125.816422
125.945979
125.965394
126.494310
127.074755
127.170560
127.177810
127.189688
127.242281
127.248261
127.567913
127.601377
128.317809
128.437862
128.816783
128.925655
128.963379
129.003725
129.073152
129.300767
129.444168
129.632051
129.720484
129.981071
130.048614
130.111488
130.176532
130.192876
130.208973
130.299003
130.346598
130.734285
130.743583
130.773484
130.790892
130.811453
130.835988
130.935357
131.163709
131.213394
131.402260
132.283023
132.494131
132.597924
133.270446
133.356544
134.129992
134.156329
134.168166
134.177137
134.207693
134.256599
134.276792
134.352773
134.445220
134.576497
134.608118
134.637404
134.687826
134.726615
134.753280
134.808740
135.301120
135.410237
135.554007
135.780844
136.308122
136.388608
136.454513
136.692449
136.703959
136.774861
136.890860
136.913101
136.923628
137.100984
137.395937
137.474212
137.972122
139.196539
139.902566
139.968717
140.063908
140.113756
140.342190
140.418662
140.485427
141.104374
141.116416
141.127844
141.156598
141.213204
141.292544
141.357179
141.434716
141.448151
141.692969
142.156964
142.531994
142.549279
142.561690
142.654423
142.706934
142.721597
142.823916
142.848328
142.865080
142.905016
142.920499
143.004344
143.033508
143.057224
143.065129
143.272223
143.281766
143.516631
143.848243
143.855165
143.917548
143.947776
144.581304
144.609157
144.833331
144.964403
145.586504
145.665434
145.748500
145.760625
145.792369
145.815470
145.893048
146.117509
146.274673
146.304451
146.347377
146.358682
146.385879
146.476605
146.485494
146.522767
146.610831
146.628936
146.647122
146.686689
146.715034
146.747597
146.780283
146.817188
147.190661
147.212820
147.840655
148.009820
148.129833
148.315218
150.106153
150.294159
150.394962
151.185244
151.365550
151.765565
151.879639
152.324137
152.383201
152.393032
152.405443
152.427602
152.499118
152.540897
152.623596
152.677663
152.691917
152.711700
152.811151
152.856125
152.887050
153.075958
153.100698
153.174630
153.271788
153.276129
153.397002
153.696174
153.765274
153.801359
153.835930
153.869148
153.908060
153.949061
154.364846
155.296195
155.320648
156.656189
157.294756
157.372088
157.486121
157.830963
157.847224
157.916488
158.231675
158.237245
158.273085
159.033999
159.367619
159.494431
160.053330
160.162243
160.239124
160.621240
160.653107
160.659784
160.695378
160.765542
160.801423
160.806093
160.822067
160.900301
161.013350
161.018593
161.091338
161.101332
161.122509
161.151263
161.889034
163.251978
163.521618
163.594691
163.642982
163.662520
163.724698
163.735880
163.853107
163.876209
163.914383
163.931013
163.982582
164.107305
164.160471
164.173783
164.183613
164.191232
164.211548
164.234199
164.409958
164.440187
164.445225
164.458209
164.462428
164.475699
164.511252
164.664812
164.808458
164.849869
164.856750
164.867359
164.953989
165.257216
165.320745
165.392835
165.421015
165.476884
165.483438
165.860352
165.877801
166.246973
166.347448
166.591324
166.790226
166.801818
166.832701
166.851543
166.877512
166.902497
166.928384
166.936453
166.947185
166.979666
166.993510
168.259584
168.495636
168.986829
170.374390
170.434355
170.518487
170.547528
170.600489
170.642186
170.720133
170.781901
170.802627
170.919854
171.271700
171.504067
171.737211
171.942748
172.001198
172.109128
174.039982
174.377288
174.776074
174.922793
174.979359
175.065907
175.233270
175.255060
175.317361
175.439790
175.501926
175.517532
175.562957
175.575818
175.601254
175.772508
177.030308
177.257554
177.333821
177.453097
177.555128
177.755914
177.765540
177.772421
177.793024
178.825134
179.282125
179.339264
179.951493
179.961610
180.067574
180.191887
180.515308
180.531732
180.837581
180.938301
180.984586
181.017764
181.752586
182.140232
182.308618
182.767493
182.855844
183.064371
183.224238
183.290102
183.999816
184.038277
184.233902
184.273428
184.566292
185.674752
185.847194
186.118226
186.144440
186.313318
186.353254
186.435502
186.826588
186.882007
186.901832
187.040604
187.435500
187.603395
187.655741
187.837727
187.860746
187.920097
187.972526
187.980964
188.014100
188.039619
188.184412
188.870287
189.055222
189.186253
189.255721
189.351240
189.428572
189.499433
189.775667
189.904077
190.624727
190.642872
191.037932
191.159091
192.162038
192.435323
192.502743
192.512614
192.531292
192.569590
192.915784
193.094697
193.191567
193.247068
193.378714
193.398456
193.490371
193.726546
193.813586
194.013348
195.243131
195.244278
195.351839
195.548938
196.031119
196.103414
196.372644
196.844831
196.881408
196.895293
196.926218
196.984750
197.420564
197.520671
197.675295
198.493512
198.590013
198.919782
199.236362
199.533978
199.538074
199.601562
199.704289
199.770153
199.922115
199.950950
200.009810
200.048599
200.253317
200.665293
201.008742
201.158042
201.209324
201.262039
201.703219
201.908429
201.930834
201.942426
201.965363
202.006651
202.064732
202.188186
202.475110
202.496287
202.551542
202.600612
202.721772
202.805576
202.883523
203.127030
203.137106
203.185644
203.274568
203.291607
203.349688
203.351368
203.729142
203.791483
203.890893
204.034089
204.078940
204.382044
204.444672
205.005537
205.199688
205.307126
205.367378
205.499965
206.048174
206.213939
206.240481
206.269727
206.444667
206.513193
206.525399
206.787994
207.155528
207.272346
207.307858
207.310684
207.344804
207.386010
207.610388
207.789015
207.893381
207.915909
207.921725
207.956705
207.979602
207.994429
208.017039
208.105103
208.154214
208.238100
208.252191
208.271852
208.288604
208.294298
208.869171
208.936182
209.077043
209.152819
209.212948
209.255956
209.872978
209.891901
209.902100
210.017157
210.052137
210.259722
210.391941
210.516009
210.549678
210.581955
211.081585
211.195740
211.553567
211.601367
211.629752
211.900539
211.903734
211.938058
212.027556
212.041359
212.144865
213.143593
213.274460
213.337334
213.397586
213.441495
213.787279
213.916836
213.948621
214.035128
214.065152
214.087803
214.121636
214.374277
214.602998
214.890455
215.089152
215.197286
216.844001
216.929485
216.960328
217.412813
217.678848
217.694536
217.899336
217.904128
218.037248
218.416333
219.007672
219.037409
219.469619
219.534582
220.020244
220.193751
220.220129
220.247204
220.272927
220.275057
220.491407
220.610765
220.780954
220.869837
221.512950
221.572424
221.679780
221.713818
221.864632
222.101053
222.175068
222.196449
222.209311
222.598144
223.373230
223.406244
223.501517
223.517041
224.090644
224.103793
224.132342
224.149135
224.202629
224.483246
224.793477
224.889569
225.071882
225.929953
226.857820
227.065979
227.261276
227.411067
227.597517
227.649905
229.297848
229.410939
229.473034
229.484339
229.594726
229.646909
229.733376
230.240051
230.440468
230.782075
230.871532
231.247503
231.370547
231.415849
231.446733
231.627448
232.379269
233.073172
233.089024
233.199165
233.248645
233.322824
233.376604
234.160415
234.213827
234.614415
235.156890
235.625472
235.749908
235.763139
236.054159
236.191908
236.271124
236.305039
236.533228
237.099213
237.623869
237.858980
238.008320
238.063862
238.100603
238.215496
238.235525
238.273987
238.301757
238.370980
238.799995
238.801183
238.816911
238.891827
239.290900
239.306875
239.383552
239.500984
239.590318
239.855411
239.943557
239.966085
240.007823
240.069222
240.109486
240.612803
240.663552
241.360855
241.380065
241.400750
241.415537
241.474929
241.563689
241.745879
241.747149
242.123776
242.143478
242.159780
242.309161
242.326610
242.389197
242.403901
242.467185
242.489139
242.505523
242.511667
242.546524
242.618860
242.634097
243.295846
243.905290
244.396974
244.625244
245.705073
246.160753
246.180495
246.302147
246.409216
246.547333
246.575718
246.592225
246.623601
247.240172
247.332454
247.435592
247.854817
248.115855
248.164639
248.219116
248.230994
248.244593
248.733245
248.738406
249.364152
249.407201
250.107535
250.151567
250.198221
250.229432
250.251551
250.450125
250.661437
250.788577
250.843587
250.901012
251.032289
251.090412
251.131986
252.275876
252.338217
252.928983
253.904241
254.724874
254.838743
254.973911
255.016100
255.484477
255.620792
255.797985
255.802941
255.830548
255.924511
255.940567
255.951094
255.964283
255.999345
256.479191
257.079951
257.089044
257.751613
258.823455
260.668621
260.692910
260.723302
260.775240
261.366333
262.182707
262.470083
262.486835
262.563348
262.600581
262.636913
263.390290
263.464428
263.563715
264.065884
264.480645
265.192284
265.460040
265.661645
265.737216
265.951355
266.811638
266.879468
266.907238
267.046994
267.080827
267.164508
267.534787
267.631329
268.110971
269.153362
269.162373
269.592863
269.651681
270.367539
270.945444
271.838290
272.313262
272.484024
272.621076
273.329234
273.473618
273.487872
273.517322
273.553777
273.572291
273.650442
273.925079
274.251162
274.320794
275.554550
276.154409
276.188692
278.421340
279.138468
279.218749
279.245128
279.277568
279.344906
279.489864
279.520338
279.612580
279.622124
279.678976
280.268104
280.835891
281.256018
281.351332
281.399378
281.439068
281.595290
281.671311
282.560225
282.736763
282.792837
282.890076
283.231846
283.290132
283.354276
283.930051
283.951350
284.013978
284.146811
284.252611
284.276654
284.767027
284.795781
285.730611
285.785866
286.102282
286.299546
286.306550
286.332928
286.391665
286.716314
286.728028
286.766858
287.137628
287.209677
287.260672
287.893463
287.991480
288.673137
288.686694
288.716104
288.843858
288.861839
288.890348
288.944169
288.954163
289.021993
289.932575
289.971487
290.053612
290.441216
290.535793
290.562417
290.768527
290.922578
291.133686
291.822346
292.607918
292.698399
292.953457
293.138063
293.178122
293.209907
293.280768
293.325169
293.481267
293.702574
293.812675
293.844173
294.273311
294.952305
295.194829
295.400489
295.603200
296.239964
296.254915
296.686141
296.730255
297.214116
297.395364
298.133381
298.274202
298.291528
298.370785
298.627031
298.716979
298.834371
298.851533
298.878321
300.353126
301.118915
301.153649
301.164257
301.172285
301.201326
301.212058
301.235118
301.266534
301.359882
301.400842
301.483745
302.048174
302.072545
302.336287
302.634435
302.675599
302.761574
302.786232
303.144591
303.261450
304.081469
304.342999
304.571433
304.598016
304.612557
304.630129
304.771277
304.919060
305.155195
305.209917
305.257923
305.306747
305.327104
305.635123
305.768858
305.995776
306.055864
306.964931
307.259638
307.341025
307.538739
307.624468
307.641303
307.772457
307.801088
307.846103
308.214456
308.244316
308.883456
309.655839
310.053601
310.082642
310.167593
310.195446
310.217441
310.544015
310.985564
311.040328
311.055688
311.102915
311.159931
311.458161
311.480934
311.532749
311.633183
312.409006
312.494121
312.503828
312.575877
312.719688
312.745206
312.754749
313.583739
313.833636
314.010952
314.026394
314.222100
314.283131
314.375700
314.435830
314.655416
314.691011
315.391877
315.513405
315.529134
315.563418
315.574968
315.659387
315.697684
315.825152
315.836498
315.931812
316.026839
316.119572
316.124897
316.185190
316.188140
316.211282
316.229345
316.280504
316.380529
316.390973
316.442092
316.585042
316.626084
316.747039
316.871188
317.246505
317.344604
318.210171
318.227497
318.297129
318.312940
318.810112
319.239455
319.243182
319.261737
319.266734
319.314289
319.343206
319.371633
319.396536
319.666708
320.596419
320.670106
320.696812
320.728801
320.750141
320.761897
320.912630
320.952320
321.049969
321.091133
321.195500
321.228268
321.533092
321.540219
321.583923
321.605386
321.631887
321.670267
321.699389
321.965343
321.997292
322.039439
322.078392
322.131927
322.398822
322.424422
323.226911
323.388006
323.433677
323.600671
323.681034
323.696558
323.706675
323.742515
323.755295
323.937894
323.998679
324.065403
324.193649
324.219863
324.444529
324.458373
324.468941
324.492493
324.524319
324.564173
324.575519
324.584653
324.615496
324.625654
324.720968
324.785357
324.795843
324.830249
324.993352
325.329756
325.345772
325.354865
325.416305
325.621555
325.785027
325.798134
325.799649
325.905777
325.939692
325.955338
325.960909
325.981962
326.005965
326.015549
326.018048
326.114263
326.137119
326.211174
326.296494
326.663291
326.751355
326.755942
326.769132
327.775478
328.026194
328.075592
328.131052
328.184914
328.306606
328.333353
328.350228
328.497644
328.573911
329.330401
329.337037
329.687204
329.701089
329.731359
329.742213
329.850634
329.883197
329.942098
330.634977
330.711245
330.732995
331.114127
331.145544
331.328717
331.419034
332.590285
333.076070
333.212180
333.703864
333.757153
333.793157
333.810196
333.847347
333.940900
333.995909
334.006067
334.029537
334.058619
334.086103
334.110106
334.210089
334.715453
334.741504
334.808064
334.825595
334.884741
334.994637
335.139308
335.235031
335.353283
335.469814
335.486321
335.538995
335.667651
336.260997
336.406774
336.470589
336.491233
337.051156
337.080197
337.162732
337.381089
337.458872
337.481974
337.682924
337.691648
337.902182
337.971364
338.027356
338.063196
338.074337
338.098913
338.171372
338.187674
338.263941
338.502001
338.504458
338.512159
338.613084
338.858066
339.101286
339.111977
339.289620
339.317514
339.336847
339.350569
339.378340
339.391570
339.409265
339.457352
340.151173
340.237640
340.255171
340.291174
340.306084
340.314931
340.327219
340.647240
341.107630
341.519729
341.755412
341.836022
341.941453
342.218220
342.284861
342.315377
342.860268
343.052575
343.203512
343.240335
343.267492
343.330775
343.395369
343.485891
343.509934
343.696138
343.861453
343.890493
343.904338
343.923630
344.244265
344.265523
344.292475
344.314552
344.545731
344.604426
344.748073
344.762245
344.936530
344.947425
345.044746
345.082388
345.090417
345.101025
345.102336
345.132278
345.186959
345.196913
345.232261
345.283256
346.156524
346.167992
346.209485
346.855383
347.223245
347.234632
347.264246
347.414241
347.423539
347.493745
347.500462
347.528724
347.567432
347.585782
347.625882
347.642102
347.672412
347.837358
347.871027
347.941601
348.025078
348.420178
348.595282
348.732580
349.164052
349.194363
349.243679
349.251092
349.345137
349.398467
349.439017
349.573898
349.587538
349.742899
350.086513
350.103060
350.172611
350.565089
350.716887
350.803313
350.887731
350.986281
351.081226
352.544195
352.612065
352.634921
352.816415
352.830792
352.842097
353.026744
353.089004
353.273487
353.293066
353.434296
353.585439
353.834107
353.927987
353.984676
354.797978
354.866504
354.883912
354.917622
355.005891
355.020677
355.029320
355.233710
355.257098
355.670508
355.801088
355.820872
355.895419
355.928556
356.113367
356.486472
356.498514
356.521247
356.531241
356.544184
356.559954
356.598415
356.649533
356.685537
356.738621
356.805550
356.836762
356.942275
356.991754
357.036564
357.054177
357.079204
357.107671
357.572444
357.652726
357.839012
357.888451
357.956444
358.075146
358.118113
358.134047
358.167552
358.198313
358.264709
358.468608
358.511493
358.574285
358.654689
358.767370
358.931415
358.943252
358.974218
359.009116
359.024394
359.101358
359.110574
359.119135
359.140147
359.424614
359.448207
359.576207
359.792640
359.846257
359.871775
359.900692
359.931044
360.085996
360.263107
360.622326
360.673772
360.874312
360.996454
361.027707
361.767526
362.300006
362.436321
362.458685
362.518036
362.574643
362.628424
362.650092
362.848461
363.363164
363.385119
363.830354
364.300329
364.326339
364.536586
365.517087
365.571195
365.623173
366.327112
366.425006
366.493491
366.651679
366.660649
367.369830
367.406367
368.118211
368.498606
368.724296
369.171579
369.198899
369.236746
369.251041
369.280819
369.303552
369.450639
369.507942
369.616609
369.697915
369.853686
369.858314
370.270085
370.911027
371.431219
371.776922
371.933102
372.155146
372.176323
372.728627
372.867686
372.922368
372.997284
373.186724
373.331845
373.543526
373.550653
373.627126
373.673533
373.694710
373.723300
373.815992
374.155428
374.267372
374.619587
374.708224
374.965985
375.013581
375.045734
375.114875
375.164068
375.761183
375.787397
375.943045
376.087388
376.283095
376.410153
376.425759
376.504852
376.538726
376.805827
376.845394
376.956805
377.251430
377.431081
377.904333
378.036879
378.090783
378.134487
378.202685
379.464090
379.592090
379.642266
379.797586
379.844813
380.374794
380.386222
380.402196
380.608717
380.783534
381.686006
381.754860
381.765222
381.783613
382.168433
382.193910
382.314332
382.424433
382.794056
382.931722
383.503770
383.553249
383.563735
383.622595
383.685796
383.808676
383.837716
383.984108
384.550666
385.552794
386.774426
386.796995
386.819850
387.114435
387.144458
387.218719
387.241042
387.258655
387.766436
387.928392
388.000113
388.061020
388.118815
388.546232
388.659855
388.695736
388.963533
389.273272
389.598618
389.629706
389.667635
389.705114
389.730918
389.806285
389.820580
389.991342
391.372841
392.010506
392.303165
392.402043
392.510136
392.650138
392.811192
393.557811
393.924813
394.035159
394.186179
394.235494
394.642842
394.649272
394.726564
394.757939
394.776330
397.422920
397.718610
398.162616
398.365164
398.612890
400.372367
400.840458
402.067579
402.266604
402.383053
402.486190
402.621891
403.158344
403.522191
403.724452
403.770286
403.836518
404.038451
404.721869
405.168210
405.184512
405.296046
405.311693
405.383823
405.618770
405.646336
405.748081
405.776425
406.423757
406.462874
406.499164
407.108895
407.114138
407.237222
407.428301
407.516119
407.977615
408.109466
408.899830
408.942182
408.976015
409.065144
409.294848
409.398682
409.624986
409.791734
410.654392
410.723000
411.448975
413.399777
413.491364
414.342349
414.715085
414.869832
415.080489
415.282094
415.557468
415.790940
415.828951
415.855247
415.864914
416.175227
416.921887
417.392067
417.930076
418.041201
418.341069
419.046523
419.081789
419.098665
420.406927
421.377475
421.637652
421.646213
421.707776
421.725266
421.746565
421.754880
421.761475
421.772452
421.784125
421.840732
421.970657
421.995274
422.155919
422.177014
422.343762
422.828237
422.930432
423.451484
423.463240
424.640594
425.986048
426.768998
427.244421
427.269489
427.369923
429.934920
430.474813
431.858893
433.189888
433.227284
433.240678
433.266688
433.365361
433.836401
433.997947
434.350817
434.650767
435.513999
436.165509
437.026202
438.747505
439.040123
440.344044
440.356946
440.417690
440.543846
440.712028
440.830321
440.891720
441.265725
442.742456
443.496612
443.874263
443.899535
444.497142
444.601754
444.635587
444.715950
444.796436
444.847677
445.730857
446.231429
446.236221
446.237286
446.794220
449.254113
449.265500
450.175140
451.702129
451.890668
452.778721
453.344952
453.557248
454.045860
454.099886
457.538970
457.730253
457.957212
459.334533
459.840430
460.171592
460.763955
460.809380
460.894822
460.913172
460.938281
461.165036
461.227213
461.290865
461.429678
461.490831
463.605228
464.332022
464.727572
464.743997
464.834519
464.928891
465.040302
465.241539
465.364541
465.513964
465.857700
466.599977
466.780652
467.062825
467.080684
467.716792
467.935969
467.971891
467.997983
468.058481
468.410819
468.476436
468.623852
468.728914
469.011825
469.159895
469.459804
470.402294
471.420846
471.882957
471.904748
471.994450
474.905272
475.158282
475.250442
475.307295
475.330355
477.203333
477.605601
477.654712
477.699318
477.710541
477.965148
478.077420
478.433321
479.479726
480.172442
480.262267
480.280494
480.334520
481.542717
481.637376
482.254602
482.361958
482.699960
482.900582
483.062989
485.094523
485.681848
489.027789
489.935340
490.064118
490.194657
490.226319
490.240123
490.388726
490.395812
490.400358
490.408591
490.523484
490.695229
490.875331
491.652342
493.175480
493.601178
494.145495
494.512865
495.899935
495.987139
497.761157
497.826365
498.725765
498.760540
498.880963
499.536486
501.503017
501.903073
501.955133
502.295511
504.181883
504.261960
508.614738
508.679086
508.738683
508.913091
509.238927
509.297050
510.479892
510.928200
511.795282
513.972756
514.262426
514.483692
515.772662
515.837010
515.979592
516.011622
516.073349
516.244275
516.259635
516.290437
516.485939
516.544389
516.763812
517.202452
517.838029
518.147523
518.182912
519.943414
519.970202
520.155668
521.048842
521.468273
521.598403
522.407731
522.708746
524.101386
524.155453
524.239094
524.328018
524.345262
524.365660
524.584755
524.675441
524.684902
524.693627
524.784886
524.882289
524.958597
525.044081
525.671834
525.760102
526.172365
526.202020
526.257930
526.295409
526.299628
527.088067
527.114240
527.115387
527.136195
528.522445
528.640614
528.652534
528.724664
529.151672
530.910740
531.288105
531.439903
533.150966
533.211873
533.707571
533.716173
533.858222
533.947269
534.081946
534.354575
534.674022
534.753280
535.643341
535.864934
535.988634
536.044012
536.134984
536.250573
536.293048
536.331796
536.608440
537.286984
541.560136
542.388224
542.584791
542.654546
542.875156
543.410135
543.501435
544.119644
544.507249
544.525230
544.694067
544.745062
545.156424
545.240924
545.660600
546.012692
546.037473
546.320302
546.836275
546.921226
547.766723
547.885957
547.967631
548.551352
548.762337
548.799037
549.408645
550.495437
550.610616
551.807017
552.564326
553.171681
553.428582
553.497027
553.949184
554.061660
555.283169
555.389338
555.464458
555.522171
555.548221
555.636244
555.760804
555.921981
556.071690
556.097946
556.455895
556.471255
557.490094
558.401987
558.802739
559.194726
559.842099
559.943967
560.014582
560.303677
560.322765
561.369866
561.873674
562.043576
562.917704
563.878830
564.519404
564.715110
564.728136
564.758241
564.817510
564.871086
565.141463
565.166653
565.814641
566.540902
568.044462
568.146821
568.242381
569.811476
570.047980
570.162749
570.542326
570.888397
570.920428
571.477729
571.651400
572.928737
572.941066
575.989637
576.264479
577.522852
577.707786
578.709914
578.901647
579.458621
579.727073
580.923433
581.094441
581.379318
581.962342
582.075761
582.579569
582.926090
584.052326
585.002680
585.132564
585.528443
585.870295
586.381476
586.712146
586.739589
586.755318
586.823598
587.129815
587.190231
587.245076
587.736187
587.787919
588.691620
588.767519
588.817981
590.014792
590.754161
590.875566
590.939873
591.072952
591.157535
591.625462
591.705457
591.723028
592.148808
592.160399
592.854835
592.864174
592.958464
593.328660
593.398538
593.581670
593.649050
593.718190
593.959731
593.989100
594.064794
594.117059
594.273034
595.063276
595.270205
595.637617
595.675587
595.917332
596.220682
596.246938
596.339384
596.415611
597.064622
597.122089
598.197699
598.205358
598.363464
598.436700
598.788547
598.803497
599.029228
599.432561
599.489085
599.505265
599.572562
599.777444
600.068055
600.331960
600.356659
600.369930
600.649564
600.713257
601.211781
601.225052
601.266831
601.618964
601.687286
601.733202
601.818644
602.254828
602.316308
602.572554
602.616545
602.621665
602.653409
602.701332
602.813768
602.835395
604.133458
604.178473
604.185887
604.217631
604.368445
604.700344
605.027328
605.092823
605.658235
605.659914
605.666468
605.734257
605.832684
605.934879
606.097039
606.246871
606.256005
606.279352
606.388142
606.518313
606.534615
606.607155
606.668186
606.749286
606.988165
607.075779
607.246909
607.274967
607.309414
607.336980
607.398380
607.455232
607.471985
607.729500
607.747768
607.990129
608.590152
608.926597
609.008026
609.024246
609.084375
609.302733
609.319895
609.334026
609.371300
609.415086
609.499546
609.543373
609.639588
609.644503
609.656791
609.673953
609.721180
609.741046
609.746698
609.749893
609.752351
609.774141
609.794826
611.093463
611.601736
612.028457
612.466647
612.738212
613.139661
613.474427
614.271959
614.610084
615.163412
615.248445
615.396352
615.592591
615.610900
615.681761
615.868088
615.950582
616.162140
617.323069
617.331671
617.682084
618.772685
618.836214
619.684577
619.720909
619.804549
620.207186
620.247777
620.558254
620.713533
620.796559
620.822897
620.895642
621.014385
621.315072
621.416243
621.624852
621.765673
621.871514
621.996442
622.431068
622.799585
623.233229
623.248384
623.302246
623.562916
624.028959
624.701153
626.582077
626.753454
627.288719
689.613701
689.624105
689.645732
689.690214
689.729782
689.874493
689.888215
690.883543
691.536241
691.556557
691.588997
691.666862
691.787162
692.146831
692.249846
692.293919
692.372398
692.406436
692.508508
692.537672
692.539023
692.647444
692.707656
692.853801
692.869530
692.880384
692.913439
692.966154
693.627372
693.645107
693.676442
694.031073
694.342533
694.393774
694.720799
695.134822
695.148913
695.165174
695.617167
696.014438
696.438825
696.483308
696.604180
696.613724
697.275064
697.292390
697.313976
697.420063
697.473475
697.838756
697.982689
697.991332
698.245243
698.602537
698.641736
698.711163
698.717921
698.761421
698.775347
699.645542
700.290294
700.301681
700.303155
700.313395
700.393390
700.430418
700.457492
700.592538
700.676669
700.732375
700.946104
700.949094
700.967895
700.993454
701.887611
702.666383
703.316910
703.456584
703.490540
703.734047
703.914066
703.942369
703.944090
704.031375
704.041492
704.123699
704.259277
704.308388
705.089454
705.111736
705.852621
705.905623
705.994260
706.035057
706.559058
706.584781
706.621153
706.628567
706.788844
707.162440
707.177841
708.000727
708.024648
708.074824
708.091658
708.341719
708.643185
708.757955
708.908196
709.447516
709.524029
710.294077
710.338929
710.685778
710.837453
712.446280
712.481874
712.579195
712.661606
714.690970
715.318845
716.138373
716.592783
717.319619
717.343171
717.426729
718.084260
718.146560
718.220370
719.029330
719.067914
719.684444
719.780250
719.811052
720.040837
720.283402
720.361062
721.943306
721.979924
722.348769
723.490816
723.530957
724.294410
724.898284
724.912046
724.982948
725.008425
725.397299
725.406720
725.435351
725.742961
726.105948
726.158828
726.205358
726.270525
726.606152
727.027057
727.032586
727.052001
727.130685
727.378207
727.552860
727.781827
727.844045
728.569856
729.578127
730.041385
730.189537
730.358825
730.462495
730.792837
730.822369
730.869965
730.882703
731.198710
731.328758
731.342479
731.374633
731.421123
731.542692
731.556086
731.564564
731.577303
731.593359
731.619205
731.632599
731.834040
731.898880
731.941601
731.999969
732.095652
732.144026
732.169626
732.194406
732.259656
732.277023
732.334817
732.476129
732.507955
733.216809
733.488292
733.618217
733.670318
733.783900
733.805978
733.834772
734.534820
735.213445
735.242650
735.672934
736.031334
736.595886
736.657818
736.829399
737.412424
737.413816
737.417503
737.436918
737.475215
737.497743
737.591665
737.645199
737.672970
737.921147
738.158715
738.249318
738.267955
738.355364
738.449818
738.644419
739.194675
739.257508
739.982991
739.987825
740.164485
740.625203
740.744028
740.987453
741.505925
741.990523
742.345359
742.487532
742.980567
743.057326
743.099884
743.195771
743.260447
743.358423
743.494042
743.543685
743.722803
744.311235
744.482120
744.705434
744.713257
744.788296
744.891720
744.947671
744.969175
745.750774
745.861161
746.197770
746.553999
746.587750
746.968678
747.643331
748.187156
749.200998
750.078198
750.162780
750.174372
750.303887
750.319575
750.436188
750.524211
750.829609
750.926684
751.359959
751.481733
751.516099
751.548252
752.270377
752.287212
752.460759
752.626442
752.866877
752.964649
753.030636
753.079583
753.097196
753.110876
753.225687
753.316659
753.816289
754.403697
754.536899
754.919137
755.246776
755.391652
755.397386
755.480576
755.488645
755.592684
755.654574
755.715891
755.881615
756.501381
756.585595
756.666532
756.717404
756.743209
756.758610
757.259182
757.386854
757.661491
758.185820
758.738985
758.780969
758.895247
759.028081
759.060849
759.475446
759.498629
759.905116
759.946568
760.294154
760.497152
760.770028
760.848261
760.966758
761.236152
761.272279
761.396838
761.546465
761.941606
762.072433
762.134815
762.144154
762.154844
762.392617
762.479411
762.752573
763.306476
763.408916
763.589304
763.896873
764.464456
764.643533
766.967521
767.114813
767.469036
767.507374
767.854182
767.932826
767.947817
768.113664
768.299950
768.775619
768.783606
768.826368
768.909230
769.150812
769.216102
769.558364
770.476278
770.615460
770.715648
770.777252
770.829148
770.910372
771.067535
771.083469
771.366093
771.370271
771.397140
771.575112
772.326400
772.353597
772.385751
772.475412
772.529193
772.629094
772.737024
772.849869
772.859822
772.868424
772.922081
772.956488
772.965048
773.091738
773.640315
773.882020
773.912904
773.959967
774.004777
774.104392
774.155796
774.190817
774.206218
774.223462
774.284370
774.301450
774.312919
774.363628
774.377308
774.469181
774.512271
774.553272
774.566339
774.571295
774.677996
775.382794
775.396803
775.569408
775.846707
775.866900
775.879803
775.923630
775.941980
776.039875
776.190976
776.329544
776.367677
776.382996
776.397578
776.611430
776.956109
777.041756
777.058222
777.583821
777.592545
777.604710
777.690276
777.700311
777.716285
778.153697
778.288783
778.339820
778.369024
778.526147
778.868777
778.890772
778.904986
778.912072
778.927350
779.031839
779.061453
779.082179
779.111424
779.247862
779.280507
779.334615
779.357102
779.401380
779.410186
779.431485
779.460813
779.778867
780.190269
780.344812
780.475351
780.649636
780.658278
781.276488
781.767311
781.875732
782.377943
782.739456
783.317811
783.395553
783.947039
784.310682
784.444457
784.896164
785.329684
785.374822
785.951048
786.527109
786.826732
786.944041
787.000689
787.125453
787.512156
787.726336
787.876782
787.890954
788.033249
788.326318
788.338770
788.496261
788.517069
788.525425
788.765778
788.814725
788.977500
789.160468
789.897093
790.047744
790.341018
790.375670
790.380257
790.430024
790.433260
790.448374
790.507520
790.698312
790.784819
790.819185
790.830653
790.844580
790.914212
790.989783
791.305544
792.038728
792.297964
792.353055
792.375214
792.383980
792.447181
792.498217
792.561009
792.581366
792.639570
792.937472
793.014804
793.030451
793.050276
793.075917
793.098936
793.119334
793.157509
793.246597
793.589801
793.616753
793.673359
794.255319
794.298737
794.450248
794.684785
795.042570
795.045274
795.130798
795.255562
795.674952
795.687608
795.710874
795.736351
795.744256
795.784520
795.811758
795.823800
795.867136
795.928166
795.936113
796.154225
796.157542
796.165161
796.171674
796.414771
797.141074
797.316751
797.981450
798.053540
798.144512
798.170931
798.268129
798.692270
798.737162
798.749901
798.826291
799.404892
800.207421
800.402924
800.763740
800.886661
800.954900
801.079706
801.246659
801.431265
801.669571
801.702011
802.165883
802.231132
802.700001
802.944164
803.756728
805.397094
805.466644
805.631713
805.651128
805.678653
805.791826
805.818532
805.901517
806.279496
806.302802
806.316933
806.347203
806.827622
806.889841
806.916465
806.955663
807.238001
808.054456
809.157468
809.180119
809.358950
809.538150
809.862636
811.528684
811.597660
811.628380
812.163031
812.949586
813.771489
813.813268
814.447657
814.458266
814.611661
814.625055
814.679818
814.738760
814.740316
815.133082
815.211397
815.232123
815.401820
815.826043
815.842550
815.903703
816.016957
816.069714
816.337469
816.366797
816.481444
816.990495
817.027482
817.063567
817.094287
817.135247
817.144750
817.145528
817.174569
817.183293
817.243464
817.398292
817.594532
817.684890
817.758618
817.908408
818.024899
818.321203
818.618368
818.636308
818.653471
818.734490
818.782863
819.516621
820.233421
821.240381
821.378253
821.401969
821.835530
821.885993
822.054543
822.094029
822.102467
822.106849
822.134784
822.141952
822.162145
822.227231
822.274335
822.348227
822.361006
822.384640
822.403113
822.424986
822.433792
822.458696
822.536479
822.684713
822.696468
822.706217
822.723461
822.926418
822.996746
823.055319
823.061463
823.154278
823.160750
823.792804
823.803781
824.146985
824.232182
824.301773
824.319304
824.330281
824.352399
824.433746
824.462950
824.484168
824.933908
825.143992
825.233531
826.062889
826.210222
826.829947
827.002675
827.822367
827.836293
828.052931
828.492104
829.079020
829.086433
829.120594
829.177651
829.853573
830.287831
831.923323
832.121815
832.325509
832.360653
833.253581
834.251039
834.309734
834.452111
835.616154
835.689882
836.000522
836.341637
836.355482
836.552827
836.730675
836.829061
836.837130
838.006047
838.055117
838.916710
838.989496
839.014646
839.823401
840.044052
840.293908
840.349204
840.835400
841.435095
841.493504
841.502597
841.563709
844.067103
844.121252
844.681298
844.775956
844.851528
845.181542
845.452493
845.477765
846.048829
846.371799
846.392566
846.401659
847.097774
847.151227
847.156060
847.160279
847.174861
847.190630
847.194726
847.237407
847.241093
847.331983
847.348081
847.408456
847.440486
847.450890
847.580365
847.601418
847.657042
847.708406
847.723602
847.744655
847.835341
847.851725
848.293806
848.579953
848.696812
848.765297
849.355325
849.366958
850.291261
850.723635
850.738504
851.407258
851.579986
851.633521
851.667231
851.690291
851.744236
851.937894
851.953664
852.163625
852.569743
852.589978
852.600177
852.673659
852.761805
852.817510
852.832952
854.183977
854.210396
854.268150
854.360801
854.475776
854.495027
854.620447
855.059374
856.481997
856.487936
856.888402
857.170534
857.547735
857.629204
857.805537
858.097705
858.299433
858.377912
858.447012
858.542449
858.739057
858.868040
858.978877
859.019674
859.053670
859.091517
859.136369
859.238892
859.251630
859.281449
859.320320
859.403059
859.411661
859.439186
859.462205
859.469988
859.523891
859.868897
860.017500
860.135506
860.305531
860.318106
860.369019
860.667085
860.907110
861.160940
861.282345
861.461955
861.658808
861.822484
861.835674
862.513398
863.270625
863.513231
864.631357
864.807977
864.816824
866.131190
866.640077
866.805883
867.542753
867.896238
867.905823
868.060897
868.145766
868.300636
868.484219
868.685455
868.700365
869.151785
869.167145
869.275976
869.864735
869.891564
870.008463
870.201754
870.581740
870.744351
871.122821
871.154074
871.718830
871.800668
871.990723
872.039711
872.682291
872.696873
872.817500
872.916746
873.105408
873.947300
874.152591
874.178355
874.233201
874.282394
874.725949
874.740490
874.938286
874.949755
874.959913
875.315036
875.371192
875.443569
875.558666
875.720786
875.737006
876.115640
876.131164
876.140626
876.146074
876.487680
876.663398
876.684780
876.712919
876.812534
876.841288
876.869181
876.881715
876.948562
876.998451
877.063004
877.373276
877.414031
877.467853
877.658235
877.725696
877.801431
877.822812
877.848044
877.959209
878.404485
878.414848
878.432215
878.437212
878.441472
878.459412
878.529249
878.587331
878.617272
878.656840
878.671503
878.678098
878.687683
878.704435
879.049400
881.072988
882.671452
882.686894
882.932777
883.278561
884.340408
884.552663
884.606034
884.999823
886.050202
886.716047
887.104225
888.141701
888.624374
888.724193
888.741192
888.749957
888.866202
888.944681
889.382953
889.773957
890.074931
890.692977
890.969580
891.006198
891.610235
891.633910
891.706409
891.800166
891.846984
891.884298
891.907523
891.919565
891.951145
891.978383
891.992310
892.065710
892.686254
892.850708
892.927181
893.063700
893.806182
894.769275
894.875976
895.476490
895.584461
895.600230
895.638077
895.819284
895.961416
896.377692
897.502822
898.005729
898.213806
898.308301
898.724086
898.832957
898.864988
899.169976
899.398001
899.551027
899.989504
900.019241
900.080353
900.711506
901.945876
902.041477
902.076211
902.175130
902.413394
902.462546
902.732636
902.786908
902.817587
902.887014
903.229563
903.268639
903.289528
903.311892
903.329464
903.347364
903.406674
903.439360
903.867433
903.877059
903.947592
904.523735
904.587837
904.596029
905.072394
905.204859
905.880412
906.086277
906.481418
906.551501
906.666230
906.723000
907.222917
907.678802
907.740283
908.965192
909.002588
909.502464
909.568983
909.658931
909.706732
909.744415
910.202348
910.451835
910.523474
910.780662
911.080817
911.090770
911.117025
911.254159
911.378227
912.183951
913.127916
913.258414
913.826038
913.929216
914.464768
915.193692
915.214049
915.735757
915.796050
915.886244
915.955712
916.077036
916.622008
918.591324
918.623560
918.634824
918.642975
918.666527
918.817587
919.139738
919.155425
919.664026
919.878738
919.913964
919.931617
919.967375
920.052204
920.334377
921.489121
921.879265
921.939927
922.003210
922.376110
922.384343
922.392576
922.411909
922.515497
923.029381
923.038925
923.116790
924.519506
924.566774
924.583526
924.593725
924.614615
924.693258
924.804424
924.921405
925.155451
925.712876
925.739991
925.757932
926.237655
926.286356
926.300119
926.312243
926.406083
926.632919
927.007826
927.402312
927.458755
927.638938
928.898580
928.914883
928.952975
928.989798
929.453916
929.788559
929.880187
929.966449
930.727567
930.757386
930.774589
931.552666
931.640115
931.668091
931.678126
931.690865
931.701678
931.740180
931.820134
931.865068
932.029891
932.466606
932.750459
932.886979
932.896399
932.963041
933.519565
934.175007
934.210888
935.302267
935.365837
935.824302
935.923180
935.962747
936.052859
936.413266
936.443904
936.456356
936.552858
936.622121
937.169510
937.682575
937.722388
937.775022
937.970606
939.259126
939.501691
939.576115
940.610396
941.189693
941.203579
941.775462
942.128947
942.249943
942.332273
942.358282
942.388183
942.407926
943.176499
943.675269
943.745024
943.783363
943.815229
944.212910
944.420372
944.600146
945.639752
946.247148
946.368143
946.456003
946.474557
947.042959
948.305142
948.317594
948.344586
949.121966
949.311529
949.444813
949.606523
949.790351
949.894881
950.248571
950.473933
950.568305
950.581699
950.593577
950.621921
950.651208
950.987407
951.570678
951.866737
952.339907
953.400361
953.484083
954.144809
954.194739
954.271703
954.351288
954.677944
954.738074
954.755973
954.787922
955.021025
955.411251
955.476460
955.508367
955.622728
955.652547
955.751055
955.816346
956.006605
956.035277
956.053709
956.078408
956.093727
956.106138
956.120474
956.140093
956.144353
956.194652
956.221112
956.243231
956.322447
956.340265
956.527124
956.537283
956.572836
956.592415
956.642509
956.706652
956.804342
957.026427
957.092700
957.116826
957.732782
957.749576
957.835059
957.863690
958.518231
958.545306
958.638572
959.212872
959.793807
959.817236
959.944376
960.812073
961.147535
961.180836
961.704346
961.724498
961.774100
961.792655
961.969398
962.349343
962.470298
963.182756
963.661251
963.680338
963.710689
964.021166
964.175790
964.214047
964.676936
966.363832
967.333601
967.343923
967.394959
967.878287
967.956685
969.047040
969.303818
969.726198
969.813115
969.828598
969.969295
971.752980
972.204974
972.450038
972.501647
973.561733
974.202184
974.255596
974.864425
975.227781
975.376835
975.562056
975.603630
975.775457
975.828460
976.209060
976.235069
976.290529
976.382771
976.914514
977.170227
977.342751
977.547878
978.289910
978.514412
978.806989
978.834924
979.253780
979.266888
979.324969
979.346719
979.389850
979.416596
979.967427
980.147569
981.832212
981.863670
981.917491
982.465577
982.518333
982.589194
982.691922
982.935634
982.968812
983.535493
983.668941
983.708140
983.754056
984.227185
985.102090
985.393070
986.549658
987.036877
987.148657
987.160822
987.235287
987.254866
987.295048
987.453481
987.687813
987.714191
988.360172
988.429640
988.803809
988.986778
989.137551
989.237821
989.594419
989.667860
989.736509
989.773128
990.856274
990.958756
990.976000
991.328379
991.345254
991.377490
991.432786
991.611453
991.647416
991.730442
991.843082
991.880643
991.987016
992.003604
992.046531
992.091382
992.551199
992.676946
993.517937
993.898168
993.929052
994.161992
994.207212
994.647941
995.003064
995.061268
996.048814
996.262093
996.975247
997.081948
997.367480
997.921874
998.112092
999.116472
999.259341
1000.270602
1000.304722
1000.333885
1000.345395
1000.440422
1000.703468
1000.716493
1000.728781
1000.739471
1000.940995
1001.528279
1001.604424
1001.983549
1002.077757
1002.164347
1002.177413
1002.230497
1003.250975
1003.887084
1004.185190
1004.775137
1005.070213
1005.103227
1005.131735
1005.160161
1005.550592
1005.557596
1005.763543
1005.870694
1006.118052
1006.151885
1006.191821
1006.263255
1006.365942
1006.869873
1006.885970
1006.936883
1007.030968
1007.343084
1007.375974
1007.428239
1007.497544
1007.510241
1007.546122
1007.570002
1007.923978
1008.042189
1008.065004
1008.567009
1008.596337
1008.623411
1009.177190
1009.202258
1009.274757
1009.664532
1009.714340
1009.774633
1009.822761
1010.005279
1010.850857
1011.013386
1011.318784
1012.121969
1012.819558
1012.857733
1013.365432
1013.380588
1013.426586
1013.680374
1013.866537
1014.036193
1014.337331
1014.712771
1014.726861
1014.860636
1015.150838
1015.173571
1015.284326
1015.300833
1015.310090
1015.324262
1015.358833
1015.397868
1016.018985
1016.096809
1016.426701
1016.498708
1016.510710
1016.563712
1016.610652
1016.648335
1016.962171
1017.048064
1017.067725
1017.183027
1017.213051
1017.227059
1017.242255
1017.313976
1017.737421
1018.167706
1018.474947
1018.816635
1018.866319
1018.981827
1019.065016
1019.065426
1019.089428
1019.175199
1019.190477
1019.208294
1019.580908
1019.655946
1020.166717
1021.174825
1021.376512
1021.810278
1022.053089
1022.195139
1022.313185
1022.783980
1022.821949
1022.862377
1023.239455
1023.402107
1023.405834
1023.447450
1024.010322
1024.105062
1024.549028
1024.676495
1025.237770
1025.293640
1025.565819
1025.862083
1025.971978
1026.113454
1026.272584
1026.485985
1026.596659
1026.815795
1027.587359
1028.003676
1028.166984
1028.474470
1029.050122
1029.471560
1029.702820
1029.745910
1029.885215
1030.416753
1030.704210
1031.583375
1031.599063
1031.639695
1031.691592
1032.073339
1032.203141
1032.238408
1032.814305
1032.890900
1033.242092
1033.434931
1033.626911
1034.063094
1034.327900
1034.948567
1035.058708
1035.415511
1035.518444
1035.987149
1036.056207
1036.098191
1036.352635
1036.462817
1036.837601
1036.928860
1037.017989
1037.152993
1037.582582
1037.903094
1037.957939
1038.406738
1038.825349
1038.850990
1039.058821
1039.161344
1039.295529
1039.457239
1039.464284
1039.527281
1039.564104
1039.709020
1040.001106
1041.523098
1041.584620
1041.635246
1041.856963
1041.881416
1041.897144
1041.902715
1041.921024
1042.398740
1042.444657
1043.052257
1043.203850
1043.283681
1043.662561
1043.693568
1043.744276
1043.830743
1044.287242
1044.415119
1044.941169
1045.146747
1045.406269
1045.637652
1046.045532
1046.515630
1046.554173
1046.654362
1046.733210
1047.082271
1047.296655
1047.543112
1047.665541
1047.859814
1047.880049
1047.908639
1048.224031
1048.540037
1048.636047
1048.720302
1048.749384
1048.758641
1048.765563
1048.820490
1048.921702
1048.951439
1049.003172
1049.042493
1049.059983
1049.077432
1049.191424
1049.226199
1049.426330
1049.466716
1049.491128
1050.246513
1050.310779
1050.723164
1050.727997
1051.329126
1051.411456
1051.435991
1051.928781
1051.957084
1051.988132
1052.047606
1052.057395
1052.074189
1052.408914
1052.423782
1052.468183
1053.113836
1053.147464
1053.702717
1054.117233
1054.155162
1054.671462
1055.155118
1055.171502
1055.763661
1055.844352
1055.960801
1056.171868
1056.219955
1056.375849
1056.407798
1056.486113
1056.515113
1056.523796
1056.525394
1056.544358
1056.549683
1056.565985
1056.574628
1056.592773
1056.601416
1056.706642
1056.723436
1056.737772
1056.746824
1056.758825
1056.808305
1056.828334
1056.863109
1056.926638
1056.938803
1056.997212
1057.011384
1057.222902
1057.872691
1057.902838
1058.554675
1058.817638
1058.918400
1058.970132
1059.087155
1059.139748
1059.218186
1059.291177
1059.740099
1060.240220
1060.380631
1060.430848
1060.436664
1060.806820
1060.903936
1060.927980
1060.995236
1061.544182
1061.651456
1062.105907
1062.355681
1063.146127
1063.291372
1063.317996
1063.832904
1064.266015
1064.309678
1064.579359
1064.945050
1064.963400
1065.001902
1065.159557
1065.350717
1065.403228
1065.524470
1066.725704
1066.780426
1067.549860
1067.767931
1067.793449
1067.805164
1067.814543
1067.865989
1068.333670
1068.627681
1068.662211
1068.918784
1069.205709
1069.819290
1069.837189
1069.930086
1069.990748
1070.278820
1070.829732
1070.997545
1071.025234
1071.035228
1071.445156
1071.525233
1071.767634
1072.038830
1072.061768
1072.240804
1072.672809
1072.728678
1073.019822
1073.408860
1073.927578
1074.092319
1074.225766
1074.279506
1074.373059
1074.436424
1074.564055
1074.585805
1074.663465
1074.758615
1074.996634
1075.112796
1075.175547
1075.198157
1075.505111
1075.791503
1075.925647
1076.253245
1076.487537
1076.945715
1077.199340
1077.271716
1077.402665
1077.825823
1078.008545
1078.028984
1078.961480
1078.977946
1079.016530
1079.034061
1079.043359
1079.061135
1079.068221
1079.072031
1079.080632
1079.116800
1079.173284
1079.330161
1079.525990
1079.533240
1079.559127
1079.607419
1079.784940
1079.872430
1079.921295
1080.469422
1080.524472
1080.628675
1081.954755
1082.068132
1082.435011
1082.567762
1082.582917
1083.007918
1084.101878
1084.969288
1085.350011
1085.387366
1085.398016
1085.462241
1085.814866
1085.868974
1085.884334
1085.906616
1085.915505
1085.944218
1085.954785
1086.275666
1086.286193
1086.378189
1086.390600
1086.750925
1086.896005
1086.930166
1086.948844
1087.083479
1087.631483
1088.136028
1088.146637
1088.770335
1088.786145
1088.818504
1089.049231
1089.432371
1089.456783
1089.854915
1090.349711
1090.462638
1091.536241
1091.548365
1091.641098
1091.853189
1092.035625
1092.108206
1092.596859
1093.495767
1093.530419
1093.719368
1093.727969
1093.751316
1094.054216
1094.141297
1094.240215
1094.255862
1094.488596
1094.497280
1094.980813
1095.096934
1095.217357
1095.559823
1095.574774
1095.587471
1095.856742
1095.976509
1095.996457
1096.003953
1096.132567
1096.227922
1096.304230
1096.321761
1096.645796
1096.664719
1096.689459
1096.781865
1096.788173
1097.703178
1098.107453
1098.157179
1098.187571
1098.216899
1098.247332
1098.829455
1099.127644
1099.138089
1099.147715
1099.199570
1099.747860
1099.767931
1099.789312
1099.964457
1100.275835
1100.890726
1101.609943
1102.372782
1102.421852
1102.435205
1102.912143
1102.926766
1103.314412
1103.927255
1103.945441
1103.972680
1104.873882
1105.217167
1105.306624
1105.458422
1105.602068
1105.822433
1106.099077
1106.384855
1106.743583
1106.807931
1106.856346
1107.017646
1108.017889
1108.163584
1108.738335
1108.757955
1109.135278
1109.304648
1109.708022
1110.127985
1110.280643
1111.033119
1111.312589
1111.404544
1112.174838
1112.190075
1112.256307
1112.275313
1112.307098
1112.340931
1112.514724
1112.638464
1112.782807
1112.809513
1112.917565
1112.989245
1113.245655
1113.640018
1113.698877
1114.071695
1114.490511
1114.601021
1114.602209
1114.908180
1115.935171
1115.950817
1115.964416
1115.979121
1116.063212
1116.232049
1116.373443
1117.094625
1117.182894
1117.525197
1117.901087
1117.922836
1117.973053
1118.368645
1118.423900
1118.436966
1118.448804
1118.673019
1118.947123
1119.095316
1119.127306
1119.155937
1119.505039
1119.533548
1120.174367
1120.204964
1120.359793
1120.410870
1120.516383
1120.592978
1121.008230
1121.040056
1121.085440
1121.506427
1121.588838
1121.623532
1121.642455
1121.696358
1121.943429
1122.539848
1122.712494
1122.908897
1122.929377
1123.069133
1123.153265
1123.181363
1123.199386
1123.218801
1123.561595
1123.622216
1123.680788
1123.945472
1124.136264
1124.156088
1124.249641
1124.817142
1125.012931
1125.037793
1125.220352
1126.211379
1126.238413
1126.420111
1126.661530
1126.785106
1126.903849
1126.995190
1127.132938
1127.199171
1127.208428
1127.211500
1127.289651
1127.344497
1127.387423
1127.949885
1127.963361
1128.184586
1128.366039
1128.489656
1128.712151
1129.352397
1129.396634
1129.427886
1130.444677
1130.464911
1131.034378
1131.058790
1131.066941
1131.075584
1131.105772
1131.109212
1131.156480
1131.169382
1131.181875
1131.192402
1131.448893
1131.664015
1132.084183
1132.242985
1132.320850
1132.361892
1132.410757
1133.012009
1133.491610
1133.510820
1133.593436
1133.990707
1133.996851
1134.514463
1134.527365
1134.537974
1134.566154
1134.913331
1134.932214
1135.208653
1135.233188
1135.584420
1135.727247
1135.749079
1135.777260
1135.985746
1136.003686
1136.037069
1136.303759
1136.429138
1136.442532
1136.476447
1136.512164
1136.860856
1136.891126
1137.412547
1137.841234
1137.896202
1137.909514
1138.564956
1139.177841
1139.796500
1139.975578
1140.433797
1141.196431
1141.517394
1141.594440
1141.689467
1141.718098
1141.776835
1142.196879
1142.346342
1143.199089
1143.477494
1143.518413
1144.519107
1144.523899
1144.540692
1144.680530
1144.692531
1144.706949
1144.717148
1144.895857
1145.607250
1146.017178
1146.786693
1147.075011
1147.866522
1147.880980
1148.173517
1148.249661
1148.331172
1148.641894
1148.659876
1148.729876
1149.122724
1149.296476
1149.617029
1149.793649
1149.983171
1150.064108
1150.135460
1150.217175
1150.256947
1150.990541
1151.081964
1151.117148
1151.152988
1151.172403
1151.696814
1152.110428
1152.245965
1152.330015
1152.435732
1153.421558
1153.771930
1153.840742
1154.188288
1154.341315
1154.390344
1154.507530
1154.761277
1155.081462
1155.210732
1155.290808
1155.323658
1155.495363
1155.525550
1156.457636
1156.493107
1156.617380
1156.997407
1157.105828
1157.193974
1157.220516
1157.252506
1157.567857
1158.000026
1158.068838
1158.276751
1158.772163
1159.394263
1159.546225
1159.567073
1159.622697
1160.038810
1160.083825
1161.073500
1161.201746
1161.584927
1161.609257
1161.640223
1161.683395
1161.945661
1162.664305
1163.282432
1163.341128
1163.726807
1163.943404
1163.950080
1163.969905
1164.044083
1164.073656
1164.112691
1164.132516
1164.148818
1164.220416
1164.297830
1164.313805
1164.327977
1164.331540
1164.341903
1164.363735
1164.379136
1164.390072
1164.396257
1164.410388
1164.483543
1165.044613
1165.862789
1167.835382
1167.868027
1168.186163
1168.441836
1168.543908
1169.581793
1170.000855
1170.541650
1170.650153
1170.947359
1171.366502
1171.430441
1171.522314
1171.778724
1171.803791
1171.820667
1171.851878
1172.868219
1173.030461
1173.401190
1174.409216
1174.489743
1175.356047
1175.514972
1175.538196
1175.942717
1175.973519
1175.988797
1176.027095
1176.042865
1176.907284
1177.119171
1178.314506
1179.034501
1179.348009
1180.056371
1180.138701
1180.601958
1180.631613
1180.655657
1180.680028
1180.745974
1180.942787
1181.003489
1181.284639
1181.588439
1182.014218
1182.282916
1182.304993
1183.511224
1183.533466
1184.137912
1184.280945
1184.547635
1184.579092
1184.591421
1184.602481
1184.616243
1184.836362
1184.860160
1184.881091
1185.254769
1186.051727
1186.519613
1186.660639
1186.781061
1186.808586
1187.011011
1187.130327
1187.291341
1187.317637
1187.327017
1187.387392
1187.409469
1187.469353
1187.662193
1187.764716
1188.010148
1189.047009
1189.103206
1190.133596
1191.009239
1191.151698
1191.372841
1191.539671
1192.009605
1192.036884
1192.082719
1192.360550
1192.438292
1192.682906
1193.087058
1193.438085
1193.552159
1193.590661
1193.685565
1194.364068
1194.413670
1194.562601
1195.077796
1195.627766
1195.945943
1196.257362
1196.430746
1196.695921
1196.800942
1196.920218
1196.974367
1197.000991
1197.107077
1198.371185
1198.519050
1199.633736
1200.106988
1200.471859
1200.493978
1200.747438
1201.763082
1201.788314
1201.822269
1202.365522
1203.212206
1203.253576
1203.285320
1203.360563
1203.368796
1203.575071
1203.779011
1203.916595
1204.246528
1204.341473
1204.418888
1205.332746
1205.842985
1205.944689
1205.973688
1206.017270
1206.060073
1206.501376
1206.842860
1206.855803
1207.425802
1207.590994
1207.622820
1207.973028
1208.127611
1208.520909
1209.097093
1209.117491
1210.115645
1210.283418
1211.385528
1212.215583
1212.518441
1213.130179
1213.161390
1213.533225
1214.170153
1215.104205
1215.690301
1216.021012
1216.044605
1216.103997
1216.136765
1216.143237
1216.244777
1216.301056
1216.307241
1216.313221
1216.337510
1216.349143
1216.367985
1216.507331
1216.629596
1216.654377
1216.681984
1216.690668
1216.780780
1216.799949
1216.828375
1217.135411
1217.168138
1217.781678
1217.954693
1218.240430
1218.444943
1218.481357
1219.420447
1219.883172
1220.101489
1221.200773
1221.336351
1221.498102
1221.714493
1221.797396
1221.799731
1222.114427
1222.221742
1222.303621
1222.322872
1222.332948
1222.342574
1222.367396
1222.594519
1222.678077
1222.727311
1223.216169
1223.263928
1223.613850
1223.691960
1223.898767
1223.987118
1224.207933
1224.308613
1224.357560
1224.377713
1224.472330
1224.771092
1224.810250
1224.936776
1225.600205
1225.634284
1225.728614
1225.783706
1225.802301
1225.803858
1225.878405
1226.294477
1227.139359
1227.153572
1227.332731
1227.419484
1227.572347
1227.693957
1227.798364
1228.026266
1228.981166
1229.435290
1229.919969
1229.969940
1230.430577
1230.533427
1230.827602
1230.910587
1230.930452
1230.995661
1231.053783
1231.488614
1232.589701
1232.778199
1233.042432
1233.415209
1233.566188
1233.713971
1234.114888
1234.512159
1234.924012
1235.307561
1235.314115
1235.363389
1235.413729
1235.428803
1235.473490
1235.505439
1235.996713
1236.472504
1236.519977
1236.805550
1237.073715
1237.432402
1237.561098
1237.964186
1237.993062
1238.365676
1238.908764
1239.382999
1239.959224
1240.058102
1240.381235
1240.533729
1240.613888
1240.938742
1241.602785
1241.947382
1242.479411
1242.507100
1243.004191
1243.279729
1243.652096
1243.715174
1243.965727
1244.145500
1244.159836
1245.074145
1245.650248
1246.169047
1246.312776
1247.296430
1247.356518
1247.437087
1247.447900
1248.661012
1249.077821
1249.087078
1249.160479
1249.462149
1249.621893
1249.706639
1249.857823
1249.863885
1250.312888
1250.739446
1250.837299
1250.856018
1251.174195
1251.180380
1251.463578
1251.915612
1251.930808
1251.947110
1251.996672
1252.589732
1252.913725
1252.960952
1253.676483
1253.972337
1253.978030
1254.286090
1254.305751
1254.316442
1254.327624
1254.332989
1254.366904
1254.378496
1254.386770
1254.575923
1254.600745
1254.611968
1254.633390
1255.174226
1255.803208
1255.961518
1256.260936
1256.370708
1256.460042
1257.020539
1257.514557
1258.334536
1258.391962
1258.409574
1258.416046
1258.425303
1258.721690
1258.732790
1258.766664
1258.802504
1258.871767
1258.898596
1259.462656
1259.630715
1260.073001
1260.185272
1260.429230
1261.128909
1262.063903
1262.147420
1263.564636
1263.641272
1263.684772
1264.419471
1264.657613
1264.702382
1265.144996
1266.092810
1266.345083
1267.440640
1267.616195
1267.628483
1267.747840
1267.758612
1267.773235
1267.789087
1267.872973
1267.889398
1267.946660
1268.087890
1268.150108
1268.163953
1268.228301
1268.504986
1268.556636
1268.998799
1269.061427
1269.458903
1269.486592
1269.549957
1269.989786
1271.091855
1271.118807
1271.135887
1271.169434
1271.322419
1271.371203
1271.723909
1272.120443
1272.320532
1272.787927
1273.645261
1274.316104
1274.366362
1274.409042
1275.044536
1276.502180
1276.562842
1276.571935
1276.631204
1276.688466
1277.318554
1277.358080
1277.658604
1277.936640
1278.064517
1278.200914
1278.517535
1279.052882
1279.615181
1279.645450
1279.827886
1279.908045
1280.069509
1280.144876
1280.651100
1280.733798
1280.766198
1280.800973
1280.832635
1280.900628
1280.965796
1281.128653
1281.780572
1281.793434
1281.867407
1281.980826
1282.061558
1282.077901
1282.087485
1282.124390
1282.137334
1282.179400
1282.228060
1282.368307
1282.401526
1282.422129
1282.447073
1282.467635
1282.591334
1282.606981
1282.770780
1282.782618
1282.812682
1282.829189
1283.069379
1283.193283
1283.675423
1283.756360
1284.063805
1284.093420
1284.183245
1284.249764
1284.443914
1284.581253
1284.960707
1285.159690
1285.416591
1285.469594
1285.517681
1285.532959
1285.546639
1285.548442
1285.600092
1285.659197
1285.681889
1285.788877
1285.792522
1285.860925
1285.891236
1285.897544
1285.920399
1286.283469
1286.643507
1286.691226
1287.650181
1287.670579
1287.679468
1287.695565
1288.676475
1290.171187
1290.607821
1290.730168
1291.238564
1291.323597
1291.769242
1291.795825
1291.840676
1293.369180
1293.840466
1293.947249
1293.954253
1293.982228
1294.269645
1294.286807
1294.304338
1294.553825
1295.305687
1295.515156
1295.840993
1295.857910
1295.890432
1296.605184
1297.425285
1297.587282
1298.261852
1298.739282
1298.977833
1300.340736
1300.534354
1300.709786
1300.834058
1301.459599
1302.313492
1302.339420
1302.355436
1302.402949
1302.804603
1302.842860
1302.972539
1304.002888
1304.084275
1304.364810
1304.447345
1304.739226
1304.833802
1304.875213
1304.973517
1305.003418
1305.047040
1305.184420
1305.261425
1305.301238
1305.314714
1305.338880
1305.347686
1305.663037
1305.698755
1305.735700
1306.065347
1306.822574
1306.860544
1307.102904
1307.426079
1307.727094
1307.901256
1308.135588
1308.667453
1308.742738
1309.139927
1309.237780
1309.295616
1309.831741
1309.939507
1310.301143
1311.215903
1311.243756
1311.576556
1311.883919
1312.065249
1312.839721
1312.876749
1312.937001
1313.063117
1313.332879
1313.719009
1313.852088
1315.158180
1315.230147
1315.272827
1315.652895
1315.703480
1315.925770
1316.036280
1316.119265
1316.241613
1316.651172
1317.024481
1317.294694
1317.354291
1317.589156
1318.163210
1318.179594
1318.216909
1318.499901
1318.900326
1319.983636
1320.082104
1320.459141
1320.544543
1320.585298
1320.595988
1320.669594
1320.965079
1320.990720
1321.010299
1321.052283
1322.026598
1322.298163
1322.511032
1322.723656
1322.804224
1323.537039
1323.569725
1323.670200
1323.863081
1323.889787
1323.925217
1324.806881
1324.900393
1325.012910
1325.140214
1325.865083
1326.273126
1326.386299
1326.610883
1326.845420
1327.260795
1327.276032
1327.293030
1327.314944
1327.356355
1327.377695
1327.391089
1327.417917
1327.835300
1327.898460
1327.922668
1328.124682
1328.986890
1329.210655
1329.559060
1329.766318
1329.967391
1330.059018
1330.177352
1330.298307
1330.499379
1330.637783
1330.661704
1330.710938
1330.773279
1331.089080
1331.118899
1331.213804
1331.227689
1332.001628
1332.118118
1332.194017
1332.223263
1332.236698
1332.285522
1332.311409
1332.336845
1332.359496
1332.389724
1332.462920
1332.746977
1332.815708
1333.124014
1333.239849
1333.348598
1333.653996
1333.895537
1333.925601
1334.364037
1334.395535
1334.449357
1334.525829
1334.540943
1334.547251
1334.552044
1334.951281
1335.451771
1335.471800
1335.527916
1335.745659
1335.756431
1335.982531
1336.279204
1336.604221
1336.847606
1336.941609
1336.966840
1337.051054
1337.057362
1337.060475
1337.068544
1337.105654
1337.118392
1337.146081
1337.358213
1337.546015
1337.620808
1337.745203
1338.086892
1338.374062
1338.573988
1339.563540
1339.652506
1339.673682
1339.704197
1340.242657
1340.262072
1340.281160
1340.291113
1340.305777
1340.384338
1340.666388
1341.570744
1341.659423
1341.994762
1342.005535
1342.049362
1342.657126
1369.829990
1369.837937
1369.879020
1369.928458
1370.237010
1370.249748
1370.849608
1371.220746
1371.364311
1371.475395
1371.803484
1371.941847
1371.990671
1372.051456
1372.306596
1372.432876
1372.762522
1372.800123
1372.831744
1372.978422
1373.334323
1373.386547
1373.641196
1373.899407
1374.106092
1374.203945
1374.209720
1374.593270
1374.849188
1375.084421
1375.159706
1375.175311
1375.189484
1375.319941
1375.359549
1375.388140
1375.422218
1375.478129
1375.563366
1375.570330
1375.627960
1375.666668
1375.673385
1375.679488
1375.682642
1375.724298
1375.810724
1375.912673
1375.960105
1376.129802
1376.153641
1376.262144
1376.281518
1376.282419
1377.155154
1377.217372
1377.289257
1377.351598
1377.771766
1377.864540
1378.139628
1378.217779
1378.243953
1378.290196
1378.298675
1378.359501
1378.408776
1378.423726
1378.462720
1378.504376
1378.624061
1378.643108
1378.860851
1378.891612
1378.959032
1378.965955
1379.136758
1379.619185
1379.628933
1379.739853
1379.752223
1379.868140
1379.913646
1380.195287
1380.224696
1380.232888
1380.949197
1381.005312
1381.016044
1381.023621
1381.097062
1381.703762
1382.355190
1382.556754
1382.581903
1382.582764
1382.599803
1382.611599
1382.626140
1382.635397
1382.653010
1382.679142
1382.691512
1382.755123
1383.033856
1383.099146
1383.146004
1383.256105
1383.316726
1383.428178
1383.559905
1383.782277
1383.841833
1384.175124
1384.298291
1384.319468
1384.602870
1384.855060
1385.048556
1385.096847
1385.119171
1385.139773
1385.170903
1385.202401
1385.218908
1385.571000
1385.611346
1385.630351
1385.698222
1385.797550
1385.834455
1386.051461
1386.155663
1386.557030
1386.573742
1386.595860
1386.915308
1386.924319
1386.935009
1386.988585
1386.998047
1387.026760
1387.270390
1387.370086
1387.392532
1387.465933
1387.489812
1387.547075
1387.601633
1387.616420
1387.631452
1387.640955
1387.672044
1387.724636
1387.732623
1387.960812
1387.982602
1388.003983
1388.038595
1388.408545
1388.590203
1388.853166
1388.937380
1388.962570
1388.994232
1389.187400
1389.259571
1389.363814
1389.442458
1389.487964
1389.492224
1389.575496
1389.620101
1390.224261
1390.244209
1390.279270
1390.289674
1390.308966
1390.340915
1390.349476
1390.481613
1390.519542
1390.772142
1390.918083
1390.934999
1391.043666
1391.146721
1391.178342
1391.192596
1391.206851
1391.265669
1391.285535
1391.417303
1391.449620
1391.456666
1391.474033
1391.481610
1391.487263
1391.595151
1391.638569
1391.845622
1391.938273
1392.058532
1392.123249
1392.428155
1392.433807
1392.478044
1392.514253
1392.526049
1392.549192
1392.801096
1392.816620
1392.820920
1392.846070
1392.900792
1392.916603
1392.966164
1393.050010
1393.203978
1393.221755
1393.224868
1393.245061
1393.349509
1393.415250
1393.512776
1394.089492
1394.260255
1394.304369
1394.319770
1394.349138
1394.697052
1394.756567
1394.820424
1395.501957
1395.571671
1395.587686
1395.675832
1395.744768
1395.952558
1396.049388
1396.553318
1396.575478
1396.784538
1396.838892
1396.844667
1397.098619
1397.135155
1397.227889
1397.245133
1397.295432
1397.347328
1397.370184
1397.721129
1397.756232
1398.032302
1398.181192
1398.254223
1398.334259
1398.508012
1398.585221
1398.613115
1398.705603
1398.827622
1399.265649
1399.349985
1399.532339
1399.856824
1399.942267
1399.956193
1400.008745
1400.061665
1400.127939
1400.152228
1400.165089
1400.198922
1400.833597
1400.906383
1400.928133
1400.948941
1400.978350
1401.000264
1401.009234
1401.050890
1401.055764
1401.058099
1401.061212
1401.073705
1401.080136
1401.122365
1401.198141
1401.246638
1401.263186
1401.331999
1401.768755
1401.833718
1401.931858
1402.091971
1402.130186
1402.199368
1402.235576
1402.242662
1402.264781
1402.284892
1402.334003
1402.423009
1402.480886
1402.937467
1403.005747
1403.265843
1403.366400
1403.799347
1403.861074
1403.904123
1403.960033
1403.997143
1404.075663
1404.290253
1404.293652
1404.311183
1404.318392
1404.365578
1404.372378
1404.394455
1404.410348
1404.566077
1404.673311
1404.706898
1405.233029
1405.489644
1405.540229
1405.975429
1406.330102
1407.088640
1407.171953
1407.471534
1407.508480
1407.771566
1407.904399
1408.044114
1408.067625
1408.099779
1408.307814
1408.370483
1409.052140
1409.152000
1409.449943
1409.655849
1410.207785
1410.219540
1410.303222
1410.819236
1410.964398
1411.160105
1411.171246
1411.178291
1411.200205
1411.389932
1411.565609
1411.661988
1411.928269
1411.972301
1412.307190
1412.387430
1412.403773
1412.798587
1412.855398
1412.865393
1412.883251
1412.891279
1413.038408
1413.053112
1413.089034
1413.121393
1413.268603
1413.397012
1413.406392
1413.430600
1413.441536
1413.448663
1413.477663
1413.494620
1413.501215
1413.561344
1413.604311
1414.109798
1414.248735
1414.852239
1414.934487
1415.119585
1415.462011
1415.475159
1415.479460
1415.615283
1415.633265
1415.700890
1415.888609
1415.930880
1416.146371
1416.178729
1416.215060
1416.258232
1416.346501
1416.415314
1416.924529
1417.425715
1417.795543
1417.813606
1418.140549
1418.163855
1418.208420
1418.254664
1418.358784
1418.529669
1418.555146
1418.960937
1418.981417
1419.031142
1419.079762
1419.115807
1419.345183
1419.369800
1419.452211
1419.606344
1419.635057
1419.778785
1419.818598
1419.917558
1420.253757
1421.226312
1421.241508
1421.283451
1421.304955
1421.488742
1421.553091
1421.638205
1421.708780
1421.983949
1422.439916
1423.064310
1423.170601
1423.177933
1423.439135
1423.985664
1424.021914
1424.621937
1424.655770
1424.709509
1424.729416
1424.750756
1425.028915
1425.421517
1426.175508
1426.873057
1426.895913
1426.936095
1427.392676
1427.557171
1427.712328
1427.823206
1428.086989
1428.183900
1428.218143
1428.251812
1428.338893
1428.534600
1429.078753
1429.739110
1430.330982
1430.453862
1430.530048
1430.545900
1430.579610
1430.664397
1430.768517
1430.946611
1431.317176
1431.347692
1431.371080
1431.790715
1432.002847
1432.806810
1433.256755
1434.054779
1435.533967
1435.701535
1436.334735
1436.700877
1437.089260
1437.100401
1437.287342
1438.207877
1438.217953
1438.234870
1438.306877
1439.112315
1439.682847
1439.865405
1439.984845
1440.126894
1440.289505
1440.302162
1440.751329
1441.241170
1441.388913
1441.449697
1441.475543
1441.692877
1442.655478
1442.835579
1443.688776
1444.306125
1445.018624
1445.091369
1445.191844
1445.472051
1446.077563
1446.690652
1446.923264
1446.972252
1447.094231
1447.129457
1447.316644
1447.349453
1447.400325
1447.441981
1448.186020
1448.246968
1448.263557
1448.688353
1448.984904
1449.456968
1449.836298
1450.209608
1450.693018
1450.707067
1450.784727
1451.358372
1451.474493
1451.656233
1452.630221
1452.642427
1452.690801
1452.792668
1452.801106
1452.805325
1452.965970
1453.234545
1453.250396
1453.936476
1454.206321
1454.367048
1454.425907
1454.462116
1454.607401
1454.904525
1455.042601
1455.284675
1457.015644
1457.185997
1457.296507
1457.348567
1458.547753
1458.624963
1458.684150
1459.811451
1459.952845
1459.979756
1460.978729
1461.082890
1461.238006
1462.243082
1462.267904
1462.498222
1462.665667
1462.768108
1462.784328
1462.796452
1462.823813
1462.826885
1462.953738
1463.961108
1464.094310
1464.724152
1466.753556
1466.825769
1466.902282
1467.779564
1469.828792
1469.959414
1469.982597
1470.615020
1470.656471
1470.845583
1470.893015
1470.905795
1471.162655
1471.237816
1471.244984
1471.258747
1471.266120
1471.514993
1471.832269
1471.887688
1471.913574
1472.120914
1472.787825
1473.015112
1473.275167
1473.306583
1473.761894
1474.641715
1475.162399
1475.445719
1475.643679
1475.751649
1475.834511
1475.977871
1476.007240
1476.015309
1476.034109
1476.040131
1476.068721
1476.074414
1476.086129
1476.093092
1476.117545
1476.284334
1476.798587
1477.438382
1477.734277
1477.789614
1477.864653
1478.832742
1479.016202
1479.970980
1480.130519
1480.734761
1480.978186
1481.046794
1481.093120
1481.131500
1482.930176
1483.044209
1483.867464
1483.949752
1483.996488
1484.024873
1484.056699
1484.087624
1484.165857
1484.203909
1484.270060
1484.341125
1484.561121
1484.662907
1487.081062
1487.773286
1488.079913
1488.165233
1488.174735
1489.030758
1490.266194
1490.842501
1490.973000
1491.322429
1491.395666
1491.539476
1492.754801
1492.867645
1492.868137
1493.038490
1493.045985
1493.271757
1493.318164
1493.711094
1494.539592
1494.631547
1495.441736
1496.100004
1496.494694
1496.886968
1497.406013
1497.736479
1497.885000
1498.272686
1498.301768
1499.749990
1499.863859
1499.910922
1500.270879
1500.796805
1501.541253
1501.877821
1501.882860
1501.932749
1502.210007
1503.133819
1503.236751
1503.296840
1503.407964
1503.737446
1504.341197
1504.443556
1504.512082
1504.522199
1504.557916
1504.565371
1504.621937
1504.691896
1504.717783
1505.386332
1505.510154
1506.069012
1506.082693
1506.397757
1507.777249
1509.128929
1509.715845
1509.990318
1510.070886
1510.531850
1510.805504
1510.896845
1511.099802
1511.393321
1511.401267
1511.420682
1511.491748
1511.776911
1511.891640
1511.988838
1512.242627
1512.401592
1512.441569
1512.655176
1512.678810
1513.104835
1513.308652
1513.583002
1514.761134
1514.889052
1515.765268
1516.964413
1517.226926
1517.438321
1517.573571
1517.651231
1518.378107
1518.385357
1518.388388
1518.447944
1518.468260
1518.486528
1519.885148
1520.008929
1521.349140
1522.545828
1522.808422
1523.347497
1523.408568
1524.182876
1525.006909
1526.027387
1527.376732
1527.732470
1527.964877
1528.015012
1528.107418
1529.929933
1530.815529
1531.719516
1533.114081
1533.325763
1534.780908
1535.991767
1536.393585
1536.749814
1536.780984
1536.820716
1537.373184
1537.412055
1537.445642
1537.553490
1537.591173
1537.871135
1538.410824
1538.489057
1538.827551
1539.260948
1539.330621
1539.936338
1540.980941
1541.486592
1542.002401
1543.813652
1544.003994
1544.251720
1544.483471
1544.491745
1545.366610
1545.393889
1546.242990
1547.401789
1547.991900
1548.189696
1548.204360
1548.205629
1548.254536
1548.505088
1548.548260
1548.791931
1548.920136
1549.906575
1550.454497
1551.437128
1551.568445
1551.933809
1552.160850
1553.845699
1554.083676
1554.688819
1554.837668
1556.550697
1556.902461
1557.234688
1558.162350
1558.263398
1558.506127
1559.387546
1560.265769
1560.312136
1560.351375
1560.665784
1560.901837
1561.034834
1561.577021
1561.927311
1562.027581
1562.043228
1562.093855
1562.395116
1562.550313
1562.575749
1562.659717
1562.953810
1563.553833
1564.198543
1564.223119
1564.269937
1564.625797
1565.194158
1565.223649
1565.266084
1565.853491
1566.183670
1566.505533
1566.577459
1567.700214
1567.826739
1568.326083
1568.597647
1568.699474
1568.924058
1569.021460
1569.040302
1569.056686
1569.097482
1569.103258
1569.488527
1569.850122
1571.242639
1571.871212
1572.006339
1572.471112
1572.577321
1574.282035
1574.508872
1574.913884
1575.009362
1575.369196
1575.424778
1577.636086
1577.749627
1578.054533
1578.181059
1578.477445
1578.969866
1579.109540
1580.886876
1580.959212
1581.011272
1582.031258
1582.130135
1582.168637
1582.266327
1582.408376
1583.356109
1583.403254
1583.538831
1583.795241
1583.922012
1583.999918
1584.887603
1585.720279
1585.751695
1585.775780
1586.256077
1587.610952
1587.710444
1587.714089
1587.992740
1588.919501
1589.387592
1590.484992
1590.579241
1591.535698
1592.618107
1592.828723
1593.676022
1593.780797
1593.823969
1594.015293
1594.425057
1596.527616
1596.970967
1597.649551
1598.176051
1598.434673
1599.736095
1600.939090
1602.087690
1602.292163
1603.421307
1603.743867
1603.888701
1603.992248
1604.002120
1604.374364
1605.554299
1606.049260
1606.404588
1606.511329
1606.902333
1606.975775
1606.986793
1607.124132
1607.518003
1607.595540
1608.957051
1609.014149
1609.805865
1610.325606
1610.674422
1611.448402
1613.129851
1613.406085
1613.540393
1613.568860
1613.593436
1613.745848
1613.992264
1614.247936
1615.315886
1615.403868
1615.460065
1615.488942
1615.556567
1615.778652
1616.372490
1616.412017
1616.564347
1616.582943
1616.763658
1616.785818
1616.808141
1616.959488
1616.980746
1617.019331
1617.078477
1617.256038
1617.270252
1619.363267
1620.283924
1620.939162
1621.296292
1621.321318
1621.384765
1622.220964
1623.542661
1623.923753
1625.045238
1625.125151
1625.944719
1627.360707
1627.656028
1630.102938
1630.109696
1632.826573
1634.151014
1634.169160
1634.542838
1634.566021
1634.610012
1634.638356
1634.785321
1634.827100
1634.920407
1634.935439
1634.969190
1634.983813
1635.072369
1635.171492
1635.334308
1635.369861
1635.377603
1635.582280
1635.868713
1636.431217
1636.485652
1636.571955
1637.761065
1637.929984
1637.981225
1638.528287
1638.895288
1638.923346
1639.311811
1641.491292
1641.545400
1642.078413
1642.110935
1642.127401
1642.147103
1644.287713
1644.402237
1644.536422
1644.707922
1644.725453
1644.869714
1646.493327
1646.839767
1646.842716
1646.862705
1647.022981
1647.045386
1647.111823
1647.265628
1647.329321
1647.617065
1647.896863
1647.936266
1648.010363
1649.175265
1649.416438
1649.954939
1650.057298
1650.757632
1653.657764
1653.659812
1653.705155
1653.837906
1653.864940
1654.043116
1654.813204
1657.175859
1657.190932
1657.387581
1657.554330
1658.522747
1659.219476
1659.912356
1659.929395
1660.105769
1660.329042
1660.452332
1660.885238
1660.934226
1661.155451
1661.183795
1661.291151
1661.439549
1661.494436
1661.973053
1662.213898
1662.430863
1662.465843
1663.333417
1663.640699
1663.745270
1664.694354
1664.741949
1664.746537
1664.756040
1664.816497
1664.898949
1664.948429
1664.996762
1665.010975
1665.297695
1665.312809
1665.527112
1665.898906
1666.379571
1666.494505
1666.599895
1666.631107
1667.239567
1667.488768
1667.496591
1668.367360
1668.666491
1668.743578
1668.827095
1669.058642
1669.102510
1670.229934
1672.532419
1672.965161
1672.966513
1673.047572
1673.501573
1673.702728
1673.796116
1673.849692
1673.871114
1673.935340
1673.997394
1674.047529
1674.060800
1674.086973
1674.115441
1674.120970
1674.143990
1674.210058
1674.242376
1674.336461
1674.394624
1674.574152
1674.727997
1674.836746
1674.884260
1675.022582
1675.274445
1675.296563
1675.381965
1675.453440
1677.435167
1677.543670
1677.840056
1677.856317
1677.875978
1677.898342
1677.939917
1677.963346
1678.293688
1678.458593
1678.475592
1678.487716
1678.554726
1679.754609
1679.889039
1679.920947
1681.192305
1681.264394
1681.290895
1681.937326
1682.017403
1682.165883
1682.825626
1682.892677
1682.903409
1682.934538
1682.942853
1682.979267
1683.004252
1683.040215
1683.057910
1683.342377
1683.453297
1684.603986
1684.953047
1684.970250
1685.267497
1685.497446
1685.572321
1686.105620
1686.128189
1686.171361
1686.195773
1686.241403
1686.707282
1686.908027
1686.975406
1687.543644
1687.564001
1687.607501
1688.153129
1689.169265
1689.286656
1689.378816
1689.426084
1689.505219
1689.675530
1689.874432
1689.924731
1689.957990
1689.986253
1689.994691
1690.006487
1690.016276
1690.105364
1690.140590
1690.512138
1690.851779
1690.980966
1691.002184
1692.334940
1692.414034
1692.540273
1692.576154
1692.968387
1693.849559
1693.978010
1694.152335
1694.503772
1694.583808
1694.606582
1694.666260
1694.824038
1694.836408
1694.862950
1694.923735
1694.941676
1694.970388
1695.530189
1695.550874
1695.705580
1695.726592
1696.185508
1696.390144
1696.673751
1697.031700
1697.526497
1697.542922
1697.662034
1697.686610
1698.162074
1698.572411
1699.975782
1700.393042
1700.785766
1701.574164
1702.027878
1702.179062
1702.460252
1703.219446
1703.715348
1703.755325
1703.957463
1704.004444
1704.180081
1704.647680
1706.024346
1707.065631
1707.481907
1707.630223
1707.755069
1707.766907
1708.540027
1708.877496
1709.259080
1709.428572
1709.468426
1709.714964
1709.728317
1709.749453
1709.755351
1709.911122
1709.978419
1709.987881
1710.080492
1710.596383
1710.965719
1710.983741
1711.067668
1711.520031
1712.041902
1712.308470
1712.728719
1712.737608
1712.847299
1713.117594
1713.193042
1713.289708
1713.316168
1713.371750
1713.510810
1713.611858
1714.548613
1715.854541
1716.033249
1716.615250
1717.332337
1717.466726
1719.935058
1720.457421
1720.575427
1720.630436
1720.996987
1722.119905
1722.145096
1722.938409
1723.519427
1723.662746
1724.852879
1724.912271
1725.148815
1725.208166
1725.316424
1725.343703
1725.352346
1727.178875
1727.301837
1727.920456
1728.263823
1728.586301
1728.964239
1729.930977
1729.998561
1730.019901
1730.817884
1730.844672
1731.400335
1733.082235
1736.258765
1736.756675
1737.224315
1737.698427
1737.711616
1738.139853
1738.190438
1738.338140
1738.395034
1738.583777
1738.765885
1739.520205
1740.001157
1740.958966
1741.034373
1741.386588
1741.436436
1741.978132
1742.096794
1742.115308
1742.250762
1742.374666
1742.678589
1743.475220
1743.563858
1743.598223
1744.629596
1744.760873
1744.770580
1744.831775
1744.934502
1744.982467
1744.999424
1745.903370
1747.701228
1747.858268
1747.966280
1748.364739
1748.490895
1749.564948
1750.340567
1750.356828
1751.364649
1751.962255
1752.313733
1753.493914
1753.675203
1753.696338
1753.782764
1753.850184
1753.969910
1754.676552
1754.701455
1754.877010
1755.937710
1755.967447
1756.049572
1756.124037
1756.970598
1758.227538
1758.467850
1762.196890
1762.406359
1762.647081
1762.745508
1763.086459
1763.146752
1765.421752
1765.789164
1765.807104
1767.360143
1767.986627
1768.317215
1768.332329
1768.606556
1769.055805
1769.156157
1769.323069
1769.459220
1770.675569
1770.920141
1770.992558
1771.243438
1771.441848
1771.465933
1771.540562
1771.600118
1771.702682
1771.846861
1772.070011
1772.137554
1772.686582
1772.687073
1772.700672
1772.734996
1772.774687
1773.101875
1773.744128
1773.765673
1773.990380
1774.283284
1775.725691
1776.460268
1776.787046
1776.851845
1777.288520
1777.301586
1777.689887
1777.732362
1778.860237
1778.888335
1778.905457
1778.927985
1779.092808
1780.888617
1780.973036
1781.067162
1781.725102
1781.853389
1782.013870
1782.086943
1784.689951
1784.862638
1786.607862
1786.682982
1786.698301
1787.492803
1787.502305
1787.550024
1787.671757
1789.067469
1789.244498
1789.572219
1789.863895
1789.987308
1790.060790
1790.103552
1790.859756
1791.456829
1791.734579
1792.075448
1792.153764
1792.164659
1792.321290
1793.484104
1794.796175
1794.968617
1794.983158
1795.354378
1797.538161
1797.944074
1798.390292
1799.126630
1799.554744
1802.481091
1802.671759
1802.747412
1802.793370
1802.844938
1802.903020
1803.746836
1804.631163
1804.861481
1805.029253
1807.121285
1807.584092
1808.128041
1808.494223
1810.044314
1810.234614
1810.265457
1810.754314
1811.611607
1812.642734
1813.586575
1816.985559
1817.058796
1817.104916
1817.175491
1817.386394
1817.947791
1817.983508
1818.595123
1818.804756
1818.888274
1819.700511
1819.793326
1820.777472
1820.846449
1820.892119
1820.913295
1821.023191
1821.043999
1821.090939
1821.102203
1821.155820
1824.199107
1824.501514
1825.680589
1825.716347
1825.741251
1825.905418
1826.414182
1826.574746
1826.689229
1827.107717
1827.237478
1827.903324
1827.938058
1828.014203
1828.031201
1828.043203
1828.070687
1828.908646
1829.403238
1829.426504
1829.489828
1829.711872
1829.940060
1830.127985
1830.439485
1830.527222
1830.767247
1831.101809
1831.147356
1831.217644
1833.049211
1833.665659
1834.076733
1834.199613
1834.357719
1834.432799
1834.482360
1834.561126
1834.729390
1835.448238
1835.468636
1835.656888
1835.757322
1836.708372
1836.811633
1837.139927
1837.183058
1837.242122
1837.360415
1837.596959
1837.674947
1837.775258
1838.365696
1838.993121
1839.381914
1840.146309
1840.263291
1840.569303
1841.239818
1841.390264
1841.681531
1842.244690
1842.254684
1842.273526
1842.284585
1842.570117
1844.869284
1844.921713
1844.939940
1845.408891
1845.930435
1846.187295
1846.656082
1847.393935
1849.104794
1850.658406
1850.742211
1850.753761
1850.816389
1851.521475
1851.561656
1852.523602
1853.123461
1853.151396
1853.181501
1853.839360
1853.923123
1854.219633
1854.427955
1855.439667
1856.472064
1856.568443
1856.936837
1856.942776
1857.490330
1857.606124
1859.890299
1859.904430
1859.972137
1860.080804
1860.494254
1860.550492
1860.981350
1860.986102
1861.117460
1861.415485
1861.523333
1863.111107
1864.295956
1864.532460
1864.559985
1864.746803
1865.792143
1865.892946
1867.112858
1868.325233
1868.780749
1868.937462
1869.283656
1872.195133
1872.354877
1872.769270
1873.568113
1873.833411
1876.195779
1876.298752
1878.101729
1879.567483
1879.840768
1880.944804
1881.143910
1882.090742
1882.207150
1884.035236
1885.599703
1885.695386
1885.905674
1887.296676
1887.729336
1888.309453
1889.217004
1891.022561
1891.747963
1891.781100
1891.920241
1892.048527
1893.217772
1894.605332
1894.696387
1894.758605
1895.571661
1895.614013
1896.610406
1896.866775
1896.983962
1897.231319
1897.242337
1897.316884
1897.380782
1897.494815
1898.606879
1899.434476
1900.056125
1900.166390
1900.203131
1900.471214
1900.514222
1900.569108
1900.636160
1900.697641
1900.747284
1900.823060
1903.292744
1903.423406
1904.916193
1905.538867
1907.353068
1908.045332
1909.091860
1910.848717
1911.029514
1911.248814
1911.589806
1912.290796
1914.891756
1915.934188
1915.981251
1916.068618
1916.149350
1916.211282
1921.482547
1922.062418
1923.140035
1923.736699
1927.012762
1927.026483
1927.064248
1927.080960
1927.377838
1927.445873
1928.398848
1928.408842
1928.546836
1929.299517
1929.922068
1930.867425
1931.073126
1932.959457
1933.486408
1933.512622
1933.589668
1933.753590
1933.759570
1933.775913
1933.937336
1934.978540
1934.984438
1935.860326
1935.880397
1935.916728
1936.311910
1936.960512
1937.449206
1937.545748
1937.950679
1937.962885
1938.060943
1938.119393
1938.367160
1940.160922
1940.469064
1940.995359
1942.225101
1942.629253
1943.011860
1944.579564
1945.064940
1945.347768
1946.035282
1947.011523
1947.612692
