36.058563
36.159119
36.215480
36.740137
37.088952
38.352814
38.976348
39.352033
39.407616
39.672750
40.446771
41.474130
41.794314
42.317210
43.011604
43.206083
43.216732
43.349033
44.002140
45.581025
45.686702
46.625382
46.654833
47.857869
47.981650
48.354386
48.641270
48.656384
48.685507
49.172808
49.238139
49.259192
49.377853
49.408000
49.598218
49.637990
49.656054
49.722696
49.745510
49.820221
49.822843
49.872200
49.921802
49.995407
50.008105
50.067456
52.630036
52.646912
52.960502
53.427241
54.047949
54.116311
54.174065
54.414254
54.524641
58.516972
59.030815
61.349806
61.972275
62.184653
64.714097
65.379820
65.486807
65.998479
66.058568
66.367980
67.579167
67.924664
68.844298
71.446487
76.054364
77.434675
77.947208
77.974364
79.152251
83.560530
83.877683
84.435272
84.575683
84.604191
84.653302
84.888904
84.935107
85.010719
85.349704
85.584200
85.663990
86.238536
88.881439
88.995594
89.238528
89.283133
90.796605
92.379668
92.672328
93.791846
94.918042
96.429834
96.448635
97.216717
97.315676
97.780982
97.864663
97.922294
97.959444
98.329313
98.352824
98.409513
98.440970
98.730107
98.804122
98.827223
98.856550
98.877481
98.960179
99.031204
99.223347
102.299730
102.555361
103.892337
107.034747
108.167291
109.419110
114.296340
114.365768
116.275405
116.368261
117.496381
120.573379
121.613885
124.957983
125.424312
125.470925
127.119606
127.438275
127.923159
128.435814
128.655278
128.684810
128.788931
129.508147
130.237071
134.187295
134.623969
134.715269
136.435671
136.458445
136.570307
137.027707
137.048678
137.081119
137.288090
140.091597
141.055058
141.988332
142.046126
143.522611
143.719465
146.397716
146.530468
146.623365
148.972913
149.273600
150.328156
151.014769
151.272612
152.076534
152.923996
153.471795
153.476547
153.491825
153.764004
153.847071
154.011812
154.053796
154.056131
154.129162
154.328965
154.370580
155.044659
155.162501
158.489805
158.689075
158.922670
159.151555
159.194563
160.638771
161.048863
161.318216
162.791506
163.617055
163.673580
163.762586
163.794084
164.140974
164.200448
164.221501
164.285194
164.339016
164.981228
165.417370
165.566546
166.485975
167.399424
167.796367
168.317911
170.500628
170.744054
170.858578
172.856033
173.715210
175.061893
175.406531
175.441347
175.823094
175.841812
175.871836
175.883960
175.899443
175.914803
175.941837
175.959572
175.975875
176.002130
176.016916
176.051118
176.097239
176.114934
176.131482
176.152166
176.429670
176.437248
176.553247
176.612065
176.674734
176.695542
176.712622
176.725934
176.762552
176.777953
176.791224
176.850903
176.913654
177.050378
178.019901
180.024115
180.112589
180.139377
180.270899
180.519936
182.806979
183.223050
183.857316
188.150702
189.475635
189.586145
193.300152
195.862036
196.873871
197.229937
199.955825
200.296940
200.315617
200.911585
200.958566
201.129124
201.167790
201.563505
201.582920
207.009833
207.557591
208.059187
208.848650
209.264394
212.766433
213.402132
214.086287
214.224978
214.732308
217.669591
218.507223
220.200878
220.802007
222.173389
222.714839
225.805967
228.285686
228.366664
228.596572
228.802601
229.836923
230.604923
230.619423
234.648125
234.729021
235.068170
235.163771
240.651428
240.687636
240.950968
242.050294
242.366177
243.344220
244.980040
246.070968
247.914537
249.727468
255.083192
259.519734
261.883412
262.533571
266.241065
266.470195
267.100283
269.822648
269.881180
270.397768
271.877980
271.905997
271.948063
272.042025
273.540547
273.554350
274.146796
275.290481
275.725312
276.897137
280.686346
281.326305
281.563177
281.609503
281.619702
281.635635
281.647923
281.675735
281.687245
281.739305
281.796608
281.841091
281.861325
281.880617
282.227180
282.246308
282.279158
282.371195
282.570711
282.649641
283.515044
284.339855
286.427791
287.013478
288.275661
290.623816
290.667807
290.734039
290.822513
293.389312
294.354944
294.532751
295.617659
297.576243
298.428703
298.508124
298.618675
298.943242
298.985882
299.015823
299.030159
299.081728
299.124204
300.897526
301.007094
301.039002
302.004961
302.136975
302.649836
302.919475
306.358231
308.282982
310.216090
311.352852
312.679096
312.770970
312.957133
312.989696
313.540731
313.568256
313.591357
313.637601
313.739018
316.238316
319.938642
321.476731
321.604854
323.375432
324.782162
325.039473
325.998633
326.002893
326.030090
326.082560
326.100746
326.139290
326.468567
326.741524
326.831555
327.863460
328.221614
328.271135
329.741926
330.241024
330.284114
330.422190
330.819461
331.471954
331.707924
333.198213
333.895229
333.999145
334.142915
337.075200
337.132585
337.280369
337.594737
337.997251
338.546688
339.222405
339.419914
342.761431
342.979256
343.112376
343.164805
343.230628
343.240786
343.321969
343.400940
343.425516
343.437189
343.465124
343.479501
343.568261
343.631585
343.696957
343.699128
343.786742
343.847158
343.855759
343.916790
344.061747
344.160174
344.807997
344.879309
345.120399
345.120768
345.140593
345.153372
345.193267
345.205309
345.227469
345.713664
345.815695
345.972122
347.631903
347.955446
348.697518
349.207020
349.305979
349.342147
349.397606
349.403914
349.416940
349.422551
349.432996
349.488005
349.600113
350.282301
352.646758
352.974766
353.018839
353.040343
353.104118
354.963907
355.768320
356.184187
356.343890
356.513710
356.543898
356.711547
358.073631
358.588867
358.707814
358.921667
359.816970
359.937720
360.257577
360.720466
361.661194
364.168765
365.154345
366.519665
366.754816
370.143027
370.173583
371.426386
372.449731
373.075476
373.789696
373.848637
373.933752
374.479340
375.534961
375.552819
375.573627
375.592960
375.613153
375.629824
375.664394
375.731651
375.908106
375.980892
376.003092
376.374559
376.481423
376.512553
376.807793
380.311429
380.827607
386.675466
388.241449
388.739645
389.930476
391.727022
392.187331
392.537498
397.182894
402.020352
402.795889
409.430016
410.547487
410.917356
411.067761
411.108024
411.162952
411.232051
414.762271
414.919393
415.003853
416.242524
416.503235
422.060524
422.251930
422.319841
422.589850
422.602834
422.886359
422.939034
422.986834
423.143178
423.467663
432.220570
433.650319
433.990984
436.572119
436.753080
443.667743
444.607816
444.847145
458.481541
464.643318
464.820593
464.831939
464.946790
465.426719
466.650440
471.006740
474.317373
484.501955
485.230797
485.521449
489.569034
497.584783
507.939594
523.966956
524.245934
524.394742
524.519670
526.502871
531.795476
531.866214
531.881411
531.916022
531.932201
531.959235
531.995689
532.097311
538.900070
539.023852
547.142861
547.199140
547.214377
549.069906
560.543826
560.723968
560.864952
560.932004
560.959119
576.606904
580.275446
586.828431
587.305779
587.705303
587.819459
587.865498
587.928371
589.186294
589.210419
589.271777
589.309215
590.070088
590.973993
591.009382
593.489224
593.755628
594.520556
594.856837
597.129830
597.218714
597.262008
597.405409
597.425357
597.452677
597.634089
597.848228
599.089480
599.199048
600.464671
601.073541
601.158001
601.916908
602.603069
602.735493
606.167163
607.824568
607.835668
607.954657
608.150733
609.134469
609.407508
612.038164
613.000028
613.115535
613.229896
617.131704
620.925338
621.913580
621.940982
622.313267
622.733681
627.628114
689.768653
689.771643
689.838940
689.905746
689.910538
689.945600
690.098504
690.135368
690.408735
690.425856
690.573107
691.022930
691.263570
691.398533
691.913564
692.229693
692.331807
692.422656
692.574249
692.959314
693.454152
693.868585
696.067031
697.296282
697.444925
698.018406
698.241679
698.375332
699.072061
699.861115
699.951186
700.847759
701.420667
702.746132
704.395346
708.275446
713.068380
716.240036
717.658767
718.038876
719.256412
720.294912
720.391741
722.405990
724.327752
724.544307
725.948621
726.514975
727.172137
727.372063
729.051177
731.547812
731.662172
737.440891
738.144338
742.463201
743.030702
743.105085
744.702894
749.985300
751.817933
751.921684
752.017818
752.049357
752.534405
760.926085
761.352315
761.640755
761.807995
762.234266
762.335969
768.854180
768.863764
769.084457
769.105428
769.178911
769.197998
769.539277
769.651548
769.716470
770.559017
771.184640
771.639419
771.716137
771.741368
772.014776
773.664932
773.877391
775.297393
778.226156
778.948035
779.393352
780.226601
784.003113
785.313055
788.389028
788.448502
788.885422
788.974633
790.464102
793.339167
793.385206
800.447447
808.706089
818.650440
822.315827
825.406996
825.524961
827.954913
845.205668
845.997875
847.449580
848.136602
849.870234
850.172068
852.117709
852.240630
861.164462
864.472064
873.083658
877.780705
879.651635
882.459034
886.522634
887.086408
887.248609
888.115077
897.299251
905.823683
910.972477
912.847094
914.283069
915.589612
915.656745
918.078423
924.336906
927.518720
930.016666
931.114107
939.895357
946.697380
948.179599
952.651612
954.508206
958.121452
962.807521
963.342131
963.907707
965.049958
969.050276
972.919276
974.768046
975.157125
977.861100
979.239567
982.863831
985.975398
986.985964
990.725284
996.240507
999.963156
999.997194
1000.121385
1003.249254
1003.672699
1003.723080
1006.443520
1006.610637
1011.240960
1015.611965
1015.644160
1016.987730
1030.502810
1038.831247
1040.311869
1045.205361
1045.479588
1054.434673
1056.608174
1056.835338
1064.637358
1065.281946
1069.560136
1070.847590
1079.066460
1079.138468
1090.657034
1099.417682
1101.458883
1114.591724
1114.849812
1114.989117
1118.162330
1118.686495
1118.798971
1123.153920
1132.688056
1132.731843
1134.902886
1136.971407
1138.559754
1139.036815
1143.337206
1144.534589
1147.515945
1148.541993
1160.433172
1164.298527
1172.025917
1173.711831
1174.984991
1175.164723
1175.194952
1185.978696
1190.550159
1193.597665
1202.356429
1202.963005
1210.361569
1210.530898
1210.550845
1211.508777
1216.898703
1217.180262
1222.342083
1224.999240
1226.478879
1227.234836
1227.778785
1234.110341
1234.632540
1234.996552
1237.714821
1238.455583
1243.996529
1247.230239
1251.490120
1253.883863
1255.269294
1256.697569
1260.523766
1260.558828
1261.549036
1266.089452
1269.408891
1269.762867
1275.861729
1279.485174
1279.826330
1282.949325
1282.977915
1283.033129
1283.055862
1283.403817
1283.751690
1284.348969
1290.521190
1293.114614
1295.930696
1296.428278
1299.070484
1299.100754
1302.117335
1303.539302
1311.393300
1311.406817
1311.688417
1316.497613
1322.895688
1323.357061
1327.060173
1327.538913
1327.693988
1329.033011
1332.528046
1334.645801
1342.238679
1369.984655
1370.018939
1370.099876
1370.228613
1370.245980
1370.281452
1370.389381
1371.714478
1372.156559
1372.210586
1372.448031
1374.818058
1376.214712
1376.789381
1376.857702
1377.429832
1378.528993
1378.751283
1378.947154
1378.956411
1378.979185
1379.013059
1379.695288
1380.204544
1380.729037
1380.945060
1380.989379
1381.301289
1382.712074
1382.946857
1383.166525
1385.198961
1385.230172
1385.241477
1385.257656
1385.405235
1385.447178
1385.470034
1385.739059
1385.807626
1385.905480
1385.912689
1386.029998
1386.109583
1386.129531
1386.244219
1386.498007
1387.397448
1387.527741
1387.653079
1387.728282
1387.974124
1388.751053
1391.019213
1391.664456
1392.093184
1392.210698
1392.214508
1392.625664
1393.587732
1393.628692
1394.297201
1394.461655
1396.105544
1396.511171
1396.650148
1396.847657
1397.101240
1397.208883
1397.938053
1397.951652
1398.100500
1398.383698
1398.488842
1398.557286
1398.748037
1399.822295
1400.240906
1400.993014
1401.021358
1401.142149
1401.199862
1403.303076
1404.183757
1404.268667
1404.393021
1404.607324
1405.762888
1406.106092
1407.713116
1408.099082
1411.223716
1411.977257
1413.515960
1414.107873
1414.211461
1414.255247
1414.257705
1414.345155
1414.526894
1414.748856
1414.855885
1414.942474
1414.969180
1415.687496
1415.862231
1416.081449
1417.776415
1418.210427
1418.344940
1418.939187
1419.481293
1419.910676
1420.248515
1420.564644
1420.572180
1420.608758
1420.635423
1420.655411
1420.734710
1420.754412
1423.212585
1428.212490
1428.604396
1428.623155
1428.658135
1429.121720
1429.171773
1434.047324
1436.205629
1436.609208
1440.850862
1440.909640
1440.948675
1440.977879
1441.022648
1441.065984
1442.003476
1442.319401
1442.909921
1443.399885
1443.787530
1444.282368
1444.773888
1452.579512
1452.600771
1452.684370
1452.686623
1452.820726
1452.843827
1452.861932
1452.885647
1452.901335
1452.920504
1452.940861
1452.976742
1453.512827
1453.535764
1454.341161
1456.298435
1457.407713
1458.164285
1458.780406
1465.552282
1465.602908
1465.842606
1467.453522
1467.618632
1467.927839
1467.957699
1467.975885
1467.993580
1468.008776
1468.038226
1468.058378
1468.069478
1468.090860
1468.106138
1468.547932
1468.609987
1468.633825
1469.409485
1469.474816
1469.504963
1471.785247
1473.831813
1474.902630
1475.289948
1475.462554
1476.345651
1476.570563
1476.907131
1478.731981
1479.085015
1480.407327
1481.158328
1481.261957
1481.325773
1481.362637
1483.259576
1483.626865
1483.827282
1484.783247
1487.062098
1488.274227
1492.911636
1493.057905
1493.689180
1501.583114
1504.388833
1504.543662
1505.961984
1507.344548
1507.732808
1509.113610
1509.412905
1509.541396
1511.438500
1511.622451
1511.773880
1512.387379
1515.405926
1515.478508
1515.544166
1515.563336
1516.299715
1516.620923
1516.706488
1518.125752
1518.994022
1520.982221
1521.012163
1526.393651
1526.917161
1528.908718
1529.870991
1530.482401
1531.072512
1532.563292
1539.648922
1539.789906
1543.227761
1543.973929
1547.024712
1547.886019
1548.204687
1548.224020
1548.237292
1548.260188
1548.295578
1548.328550
1548.571689
1548.969452
1549.025403
1550.663762
1551.750021
1552.099328
1552.445112
1553.121731
1555.159081
1555.287163
1555.467305
1557.646254
1559.690363
1559.894835
1560.281784
1560.658002
1564.418048
1565.733110
1566.274929
1566.388388
1566.551654
1566.996972
1567.420989
1568.241091
1569.856717
1570.584084
1570.776596
1571.067617
1572.802560
1574.983639
1578.562970
1578.666680
1581.763338
1582.314168
1582.368604
1582.405181
1582.757069
1582.830879
1585.751081
1587.663626
1587.991429
1588.431544
1589.611889
1589.650924
1589.720883
1589.753160
1589.924127
1589.952635
1590.005637
1590.192128
1590.205481
1590.643057
1592.058388
1592.104018
1592.840765
1593.005138
1593.577185
1593.643663
1593.675448
1593.968640
1594.157793
1594.298614
1594.398679
1594.426450
1595.240899
1595.302052
1595.405681
1595.446600
1595.844813
1596.263465
1596.967977
1596.982477
1598.009016
1598.194483
1598.716150
1599.230403
1599.497626
1599.548744
1599.638446
1602.695823
1603.648758
1603.852288
1603.862364
1604.054630
1604.415734
1606.022881
1606.555156
1606.596198
1607.029105
1607.775191
1607.957094
1608.090010
1608.134451
1609.082348
1610.454057
1610.972201
1613.019013
1615.249572
1616.118866
1618.119148
1618.350326
1618.469929
1620.592640
1620.638269
1621.873828
1622.927114
1623.720550
1623.888404
1625.474007
1626.207355
1626.260767
1627.160617
1627.466588
1627.742536
1629.093929
1629.771039
1629.983171
1630.327235
1631.148892
1631.578153
1631.768494
1633.917952
1634.884936
1634.952765
1634.996429
1635.003228
1635.048530
1635.058647
1635.076465
1635.464356
1635.598336
1635.613778
1635.641057
1635.657236
1636.501955
1636.525916
1636.613243
1636.630569
1636.631757
1636.657807
1639.040451
1644.341862
1645.243146
1645.828588
1645.946266
1646.017905
1646.062715
1646.501110
1646.676664
1647.370895
1647.416279
1647.454536
1647.503114
1647.518351
1647.804129
1649.581875
1650.173706
1654.662717
1660.393267
1660.435907
1664.397066
1665.750508
1668.899471
1668.939530
1669.130527
1669.315584
1669.368300
1669.395333
1669.422203
1669.458534
1669.491220
1669.531935
1669.563720
1669.614223
1669.639332
1669.648179
1670.059459
1670.218834
1670.485893
1671.027343
1671.126753
1671.163781
1671.200932
1671.546962
1671.595909
1671.658578
1671.931781
1672.102707
1672.272364
1672.948531
1673.161728
1673.304883
1673.937879
1674.176512
1674.201006
1674.240860
1674.251878
1674.313810
1674.381804
1674.824786
1675.658281
1675.707556
1676.078408
1676.433039
1677.643981
1677.669540
1677.688791
1677.703455
1677.710746
1677.725860
1677.776527
1677.790085
1677.815480
1678.483661
1678.773084
1678.800486
1679.629148
1680.570532
1681.899233
1682.050785
1684.483236
1685.593825
1685.757624
1686.409544
1686.442312
1686.496010
1688.321311
1689.487483
1689.662833
1689.931735
1689.979740
1690.226196
1690.317455
1690.346127
1690.662093
1691.005788
1691.046420
1691.066941
1691.083981
1691.094098
1691.109990
1691.125924
1691.164140
1691.177861
1691.188593
1691.204731
1691.243110
1691.273708
1691.294474
1691.349893
1691.385692
1691.423621
1691.618591
1691.811348
1692.299018
1692.501852
1692.807823
1693.322691
1693.759201
1693.956751
1694.957076
1695.031665
1695.060705
1696.239452
1696.281436
1696.410788
1696.495493
1696.526336
1696.625172
1697.585930
1697.602314
1697.644093
1698.186445
1698.554716
1698.586378
1698.797773
1699.052790
1699.988931
1700.097802
1701.561999
1702.537380
1704.159314
1707.077386
1707.739464
1707.818230
1709.303153
1710.393754
1711.182479
1713.482301
1713.523343
1713.544561
1713.889034
1716.208640
1717.737021
1718.856622
1719.878164
1720.314716
1720.720220
1720.795136
1721.910723
1721.912607
1722.069975
1722.405192
1722.512302
1723.682202
1724.677530
1725.974938
1726.415585
1732.296950
1732.928594
1734.073917
1736.537047
1737.567314
1738.183516
1738.525368
1738.861527
1739.443487
1739.471462
1739.573821
1739.823227
1741.163233
1742.214636
1742.301348
1743.003812
1743.029617
1744.725934
1745.031332
1745.931756
1746.068767
1748.376453
1750.258196
1750.887752
1750.912410
1750.989824
1751.825572
1751.856988
1754.746143
1755.211121
1756.517540
1756.853371
1756.860457
1756.899615
1757.084262
1758.341243
1758.946263
1759.809946
1759.852585
1760.109814
1760.188006
1762.657198
1762.698854
1764.388987
1764.458168
1766.790513
1766.837862
1766.919905
1766.961398
1766.979174
1767.007355
1767.048520
1770.538926
1770.817577
1771.035116
1771.871109
1772.040929
1772.131697
1773.350789
1773.463020
1775.571722
1777.209139
1777.271644
1777.482383
1777.512079
1778.039071
1778.656256
1779.053732
1779.382149
1779.669647
1779.806618
1781.139948
1781.169971
1781.250580
1781.898404
1782.000108
1782.070067
1782.151700
1782.229402
1782.256230
1782.294036
1782.996746
1785.182740
1785.831260
1786.827244
1787.742495
1787.818189
1787.832238
1787.858043
1787.870249
1787.907154
1787.929027
1787.968635
1787.987354
1788.051292
1788.084306
1788.098232
1788.122440
1788.161024
1788.193055
1788.231680
1788.728525
1789.822403
1791.066317
1791.741256
1791.766569
1791.872901
1791.903007
1791.918858
1791.962604
1792.150815
1792.192676
1792.308388
1794.204221
1794.333409
1794.402796
1794.417787
1794.534769
1794.561188
1794.593260
1796.254024
1796.415939
1796.445635
1796.632822
1796.904346
1801.024512
1802.636575
1803.367219
1804.149801
1804.214190
1804.241060
1804.403016
1804.511478
1805.088276
1807.008358
1807.667528
1811.892634
1811.933184
1811.943629
1811.976274
1812.023583
1812.105912
1812.146176
1812.173783
1812.767375
1812.939448
1813.368873
1813.659034
1814.229688
1814.282527
1815.547945
1815.991091
1816.207770
1817.865789
1820.152873
1820.465603
1820.766904
1820.937503
1825.779794
1826.217615
1826.232566
1827.300147
1830.834463
1832.100372
1833.125970
1833.878036
1833.992274
1834.015990
1834.116874
1834.132029
1834.151854
1834.172170
1834.221650
1834.231480
1834.254008
1834.262446
1834.294108
1834.318520
1834.509394
1836.699075
1837.491159
1837.554360
1837.672448
1837.695631
1837.722378
1837.745766
1837.769359
1837.783777
1837.796188
1837.819085
1837.845504
1837.861274
1837.898342
1837.949092
1837.983457
1838.058045
1838.106747
1838.239007
1840.838001
1841.352417
1841.934746
1841.995407
1843.926917
1844.853596
1845.192212
1845.230305
1845.305262
1845.574615
1847.097876
1847.311974
1847.706460
1848.906998
1849.052897
1849.083126
1849.354486
1849.485435
1849.546711
1849.573048
1849.595331
1849.643622
1849.753846
1849.933701
1850.212024
1850.271785
1850.621215
1850.728653
1850.966630
1850.989978
1851.041055
1851.058504
1851.070710
1851.170529
1851.622318
1852.231475
1853.272596
1853.335224
1853.397033
1853.459169
1853.540024
1854.119690
1854.598676
1854.647296
1856.254566
1856.729825
1858.399764
1859.206472
1862.500925
1864.947466
1865.462211
1866.739098
1867.500872
1868.019507
1868.047606
1868.417516
1868.654387
1869.064315
1869.758382
1869.818593
1870.874952
1872.163267
1872.412549
1872.471859
1872.487956
1873.481728
1873.755218
1873.861550
1874.546524
1874.832548
1876.067942
1876.563927
1876.588012
1876.793221
1876.861420
1876.873175
1877.264261
1877.283226
1877.659034
1877.687665
1877.704049
1877.727191
1877.811077
1877.983232
1878.024356
1878.324265
1878.344376
1878.492692
1879.121469
1880.058061
1880.691057
1882.142802
1882.645504
1882.898842
1883.022213
1883.573576
1884.297912
1885.342188
1886.023598
1888.227410
1888.289792
1888.564634
1888.662323
1889.652449
1891.322634
1891.357409
1892.699750
1892.734689
1892.785725
1894.875996
1895.001006
1895.032750
1895.051919
1895.108239
1895.148052
1895.164273
1895.191593
1895.222313
1895.998136
1896.640799
1899.235820
1899.264655
1899.292590
1901.049610
1902.120755
1904.039608
1904.104817
1904.117719
1904.294339
1904.724623
1904.812442
1904.898212
1905.240105
1905.314611
1905.319731
1905.400832
1906.034770
1906.661908
1907.294454
1907.637330
1908.260413
1908.404756
1911.076250
1911.102996
1911.130112
1911.180165
1912.055603
1912.157061
1915.471585
1915.497472
1915.581686
1916.384952
1917.180559
1917.365043
1919.710740
1921.461658
1921.569587
1921.640735
1921.852703
1921.934254
1924.778762
1925.422490
1927.036928
1928.136376
1928.575877
1929.713828
1930.933125
1930.969006
1930.992026
1931.194327
1931.781980
1931.870331
1931.929969
1933.097902
1933.154959
1933.171180
1933.194732
1933.298770
1934.036214
1934.185636
1934.309581
1934.346527
1934.471086
1934.927340
1935.693414
1936.697098
1936.925041
1936.994673
1937.368310
1937.392476
1941.367480
1941.411389
1941.443994
1941.511619
1941.712691
1941.778063
1942.279619
1942.863503
1943.001334
1943.069123
1944.189624
1944.697897
1945.694863
1946.983465
1947.044209
1947.134484
1947.176919
1947.822694
1948.549816
