35.866132
35.935683
36.050289
36.705690
36.772823
36.803543
37.704253
37.989335
38.129623
38.690406
38.756844
38.837740
39.088742
39.957668
41.118597
41.918710
42.452500
42.475315
44.387574
44.397117
44.526961
45.310771
45.329818
46.058250
46.245233
47.302492
48.288645
48.453059
48.499876
49.313464
50.164490
52.234035
52.364370
53.011620
53.358428
53.564744
54.813942
54.903521
55.942636
56.148173
56.341709
57.140224
57.158902
58.442588
58.848010
59.457208
59.925750
60.108677
60.242616
60.624937
60.989768
62.070702
62.469161
62.783652
63.004017
63.434506
63.861842
64.499794
64.794051
64.842834
65.119478
65.167319
65.298924
65.475379
66.995200
67.626557
67.955466
68.050330
68.055286
68.342047
68.778312
70.496256
71.629619
71.812506
71.860797
72.129946
72.242012
72.836178
73.771663
74.292060
74.406257
74.450125
75.188716
76.171960
76.858081
77.409731
77.471580
77.724099
78.064394
79.658639
80.719135
80.945725
81.491272
81.621197
83.330171
83.580723
84.125901
84.329021
84.445512
84.999864
85.832172
86.373335
87.568753
90.215055
90.313441
90.759987
90.858045
92.611789
92.686705
92.753674
94.343045
94.755389
95.433523
95.972557
96.583475
97.457562
98.390180
99.282452
100.405617
100.476314
100.566794
101.077238
101.521326
101.978604
102.812959
102.822093
103.143178
103.439729
103.832248
104.145592
104.333435
104.512102
104.685691
105.101435
106.913710
106.959790
107.572511
108.266127
108.622356
109.808927
110.192927
110.573486
110.713201
111.234703
111.490417
111.959941
112.280412
113.274552
113.658225
113.989837
114.055864
114.154988
114.347090
115.861299
116.306862
116.342456
116.397466
116.757381
116.773396
117.951570
118.618849
118.941491
119.354491
119.648174
120.233902
120.921661
121.673441
121.740452
121.947218
122.108191
124.113060
124.579881
124.953027
125.085778
125.989929
126.141604
126.196367
126.413046
127.490253
127.873761
128.202138
128.721633
128.998195
129.176617
129.617306
129.725809
129.888829
130.274263
130.455880
130.702131
130.775368
131.080765
131.900867
132.178739
132.257792
132.826849
133.120492
133.189345
134.655058
135.329751
135.574487
135.902945
136.790548
137.109381
138.159309
138.700759
138.878566
139.019346
139.439104
140.239053
140.858655
140.945326
141.161062
141.698253
141.714964
141.879992
143.460311
143.554601
143.890104
144.692019
145.011466
145.303757
145.375928
145.600143
145.764106
146.315182
146.421965
146.581791
146.672845
147.408896
147.437363
148.132291
148.613120
149.255660
149.372600
149.658173
149.994127
150.096445
150.325944
150.499656
150.611517
150.679347
151.357112
152.431411
152.869110
153.618678
153.841582
154.567926
154.994401
155.909939
156.450980
156.680151
156.821668
158.340915
158.525727
159.170273
159.210127
159.335997
159.978168
161.273242
161.979105
162.198364
162.473452
162.884690
163.687752
164.174889
164.421386
165.684142
165.871002
166.235668
166.895411
167.034061
167.078134
167.130481
168.712520
168.756019
169.899008
170.164347
170.237460
170.348134
170.625475
170.740531
170.874839
171.037819
171.367752
171.384054
171.764244
172.117361
172.498944
173.842964
174.247977
176.835338
177.066557
177.378427
177.621033
177.771397
179.821199
180.016947
180.716872
180.867113
181.538488
182.024724
183.321928
184.097710
184.334828
184.637727
184.702280
184.713994
184.982241
185.996206
186.175406
186.428867
186.503045
186.549576
186.800742
187.690557
187.792466
187.868160
187.907236
188.010947
188.142920
188.320768
189.522248
190.521467
190.725734
190.950687
191.019622
191.190712
191.418778
192.098140
193.201029
193.379697
193.993605
194.700411
194.971116
195.355279
195.587031
196.075520
196.758692
198.223421
198.382756
198.714286
200.332329
200.400445
201.160704
201.511281
201.880003
202.575913
202.743890
203.167416
203.260682
203.799224
204.195717
206.829404
207.060992
207.367086
207.406776
209.616118
209.894851
210.554552
210.885673
211.101655
211.902177
212.118651
212.459192
213.128110
213.355520
213.420769
213.622989
213.642281
213.859369
214.276014
214.934856
216.124334
216.493015
216.729108
217.353298
217.667789
217.764086
217.826591
218.454467
218.543882
218.552771
218.584023
218.857636
219.104543
219.253637
219.839242
220.324250
220.957696
222.323507
223.067177
223.858360
223.992381
224.217006
224.628285
224.700375
225.414103
225.575404
226.603049
226.912666
227.339469
227.606036
227.873546
228.674724
228.861051
229.098660
229.569618
229.615084
230.418719
232.229233
232.575099
232.882258
233.616056
234.608517
235.139523
236.216033
237.319127
237.826376
238.277059
239.310356
239.435039
239.855043
240.600924
241.085645
241.485169
242.250383
242.438636
243.430072
243.780076
244.227850
244.410040
244.649124
245.501010
245.758034
246.546227
246.655631
246.728090
247.248732
247.378616
247.559496
248.243364
248.764170
249.041142
249.079603
249.649193
251.047199
252.247941
254.115758
254.747689
254.761001
255.682232
256.068485
256.218071
256.520684
256.614072
257.358848
257.533542
258.116076
258.791219
259.964150
260.338196
260.826440
260.871946
260.963983
261.619057
261.734400
262.475940
263.829340
264.227348
264.333804
264.620155
264.641905
265.185935
265.420186
265.701089
266.089144
266.978140
267.243766
267.304346
270.362419
270.378844
270.931599
271.452160
271.558042
271.824609
271.989064
272.708362
272.799826
274.388419
274.414305
275.063808
275.306045
275.605791
275.687055
275.913605
276.192952
276.259881
276.751729
276.865311
277.881160
278.663741
279.031398
279.106150
279.161938
279.677133
280.562483
281.262244
282.150216
282.665820
282.711040
282.821468
283.160740
283.288863
285.048668
285.770834
286.688051
287.205171
287.861064
288.114688
288.216392
288.529777
288.881869
288.889242
289.350246
289.644462
289.679360
290.650071
290.911355
291.401728
291.670385
292.366459
292.611482
293.152276
293.308908
293.548810
293.890499
293.999084
295.031562
295.154729
296.354488
298.079805
298.082099
298.482033
299.212349
301.618545
302.965965
303.032320
303.192719
303.310070
303.637955
303.717908
304.929833
305.689272
305.891410
305.974968
306.436424
306.951700
307.484672
307.617096
307.629097
307.722363
309.422490
310.213714
310.995026
311.112253
312.176148
314.091274
314.369597
315.618755
315.689820
315.724513
316.511478
316.949217
317.745029
318.110433
318.536008
319.208448
319.246172
319.568609
320.957809
324.485325
324.620247
325.162516
325.410365
325.833114
325.901271
327.540490
328.210637
328.754381
328.792637
329.048064
332.612854
334.558126
334.790410
335.323996
335.832433
336.675430
337.164493
338.251121
338.486313
338.897265
341.084652
343.196426
343.416996
343.527260
343.951073
345.555968
345.733939
349.009306
349.771571
350.147338
350.299668
352.743711
353.296712
354.654863
354.678702
354.687468
354.699264
354.946990
355.059466
355.742597
355.893412
356.861501
357.030420
357.831229
359.055442
359.562117
359.826350
360.327045
362.463724
363.353211
364.035686
364.266947
364.702597
364.787343
364.975350
365.035602
365.465108
367.797903
368.529285
370.899804
371.632824
371.749765
372.875674
373.669560
374.145556
374.423429
374.608773
376.246927
376.712602
376.785674
376.891351
377.356820
377.397658
377.518326
378.451272
379.607286
379.749458
380.243927
380.651438
380.906578
381.881754
382.948639
383.447327
383.957770
384.032195
385.262756
385.526661
386.289172
386.669076
387.733094
388.759962
388.806001
391.176684
391.930225
392.688517
394.563871
394.749256
394.975314
395.316920
395.705426
395.719434
396.415222
397.313393
397.972480
398.027571
398.599168
398.632059
399.240356
399.458058
400.366674
402.174034
402.977587
405.819638
409.338429
409.709773
409.845801
409.969336
412.697723
413.137715
413.873603
413.999759
414.009999
414.716764
414.940242
415.221514
415.250555
415.876465
416.449249
419.208724
419.409592
419.549143
419.948175
419.984876
420.091208
420.316692
422.833603
422.880338
423.279124
423.518577
424.287519
424.890900
425.714442
427.998454
429.383025
430.200013
431.639101
431.715410
433.609114
434.979553
435.256852
435.682427
436.151747
436.445798
436.530463
438.110577
438.371410
438.855434
439.637033
439.732429
440.018739
440.508785
442.206863
442.811433
443.355013
444.243681
444.308767
444.717097
445.955564
448.309740
448.402145
448.408904
448.414147
449.126482
449.212293
450.379162
450.940150
451.840328
452.450550
452.716093
453.634171
454.737101
455.002849
455.529595
455.601275
459.010990
459.312456
459.333468
459.453727
459.719107
460.773786
461.026468
462.718157
465.650033
466.040504
466.751037
467.434865
468.595589
468.777943
470.526935
471.131300
471.249920
471.822582
472.923464
473.216573
473.450373
474.113434
475.281654
475.861156
476.548424
477.102899
477.559521
478.738391
479.480504
480.073769
480.550871
481.426719
481.564467
483.355730
483.633316
484.325704
484.347208
486.278185
487.206339
487.415521
488.052613
488.817541
492.147712
492.906086
493.313884
493.373030
493.526467
493.971005
495.545958
496.912384
497.505853
498.978120
499.701187
500.317798
500.886241
501.159240
501.369774
503.430062
504.486584
504.537088
504.764621
504.972493
506.140836
506.264494
506.463764
508.524544
510.109655
510.215250
511.215411
511.713075
511.724585
512.942080
513.987420
514.094039
514.187141
514.255708
514.705408
515.331686
516.805755
520.747827
521.414984
522.173194
522.180403
522.272113
522.831708
523.297915
523.905434
524.501647
524.966461
525.688300
529.655235
530.199839
530.525594
530.985779
533.160550
533.959393
535.386890
536.570143
536.601190
536.891843
537.184707
537.678930
537.793946
538.568909
538.765599
540.222956
540.412027
541.155041
542.388879
543.550833
543.775375
544.026337
544.358564
544.781353
545.500365
545.658552
545.775821
549.447598
549.786747
550.089810
550.475489
550.753362
551.111598
552.180941
552.241029
553.242583
553.565143
554.310287
555.865416
556.399534
556.758139
557.029212
557.230735
557.419233
558.144307
558.430290
559.055421
559.473951
560.570941
562.520187
563.859538
563.992617
564.224860
564.296376
567.959757
567.982449
568.016814
568.845394
570.594140
571.482890
571.793326
572.423619
573.794017
574.063616
574.240195
574.906409
575.420703
576.530145
578.541732
578.838282
579.018957
579.208765
581.995479
582.109389
582.591324
582.887219
585.215795
585.968681
586.728612
588.826214
588.886835
589.075579
589.753385
590.100808
590.138409
590.169948
592.009667
592.705536
592.747192
593.470956
593.518223
594.318664
595.613000
595.665797
595.807273
596.091740
596.199219
596.213309
596.644086
596.946166
598.194217
599.098614
599.401021
599.967130
600.202322
600.922194
600.996332
601.912320
602.364396
602.526515
602.641736
604.056412
604.179046
604.581274
605.700547
606.354801
606.816092
609.215201
609.379287
614.028083
614.837862
615.925924
618.160333
618.921984
622.197924
623.254938
625.553695
626.531164
626.896036
627.348521
627.384197
627.532636
690.654126
691.445678
691.571712
691.727196
692.940841
693.003264
693.259551
694.027018
694.038405
694.347203
694.856090
695.792189
696.926249
699.731231
700.968223
701.046743
704.096911
704.293192
705.165353
707.628851
709.031363
709.277286
709.837947
710.784737
711.601644
711.896801
713.420554
713.720177
713.986089
716.855665
718.837637
719.084708
719.223153
719.577334
720.171459
720.292495
720.338534
720.346399
720.708936
721.463665
722.544599
723.544064
723.936420
724.587028
724.903526
725.623562
726.505062
726.663578
726.980116
727.021568
727.653417
727.819674
728.613028
730.301276
731.798364
732.177981
733.170852
734.717501
737.370399
737.376215
737.859256
738.666127
739.237970
739.568353
740.181484
741.083013
741.269996
743.164396
743.443456
743.693844
744.218624
747.102904
747.328102
747.682734
749.307126
753.062216
756.743700
757.998715
758.508257
758.858342
759.222804
760.184013
760.958566
763.002511
763.024261
763.100979
763.314790
766.470103
767.027978
767.256986
769.312276
769.654907
770.545992
771.295068
773.366006
774.451732
774.812631
775.891968
776.171397
776.195195
776.255037
776.362394
777.581814
778.802094
778.852229
778.853499
780.512215
781.566075
781.917430
782.671790
783.047066
785.017897
790.795674
790.974587
792.246723
792.355922
793.415721
794.250895
795.294351
795.930051
796.268626
796.418089
796.998656
797.799096
798.198170
800.901980
803.352904
803.590881
804.361994
804.992123
805.684511
806.899958
807.968358
808.644444
809.540403
809.757819
810.308403
811.558461
811.747205
812.314665
812.496527
813.737165
814.556078
816.057221
816.412426
816.478126
816.934216
817.153270
817.604567
817.643110
818.435400
819.596984
819.855155
820.162109
820.216504
820.691845
821.848310
822.130811
822.336184
823.114547
824.011571
824.420434
825.068831
825.803612
826.270228
826.566451
827.083080
827.135181
827.237745
827.427144
830.197309
832.031416
832.443187
833.231790
834.098708
834.751570
835.362734
837.655880
837.731369
838.265528
838.574285
839.025828
839.465861
840.715633
840.995635
841.714442
843.369595
843.848049
844.609577
844.695552
844.876349
845.354394
846.293156
847.276851
847.755141
848.654131
849.287004
849.493238
851.736904
852.430684
852.564296
852.977828
853.773722
853.839954
855.559168
856.645468
857.403392
858.876846
859.162255
860.243517
861.381673
862.084260
864.842260
864.940278
865.288602
865.937244
866.040627
867.000730
868.227400
868.900700
869.079900
870.182871
871.143670
871.736115
872.029389
872.300831
872.695235
872.953405
873.093202
873.881682
875.208581
876.566979
877.728891
877.838623
878.160732
878.787092
879.391744
880.020152
880.221143
880.987341
881.640653
882.654700
883.371909
884.058399
884.647035
884.831764
884.912620
885.664522
886.050980
886.404178
887.485440
887.760896
888.672010
888.917074
890.267116
890.631045
890.640097
891.191460
891.774730
892.079555
892.891259
893.369672
893.638042
895.946875
896.065208
897.766113
897.997046
898.683699
898.939986
899.570565
899.807601
900.144701
900.609393
902.038815
902.142894
902.463734
903.088210
904.146289
905.345597
905.704612
905.860096
906.365379
906.794516
907.019878
907.030815
908.256379
909.269811
909.408174
909.885932
910.611866
912.068076
912.183337
912.806216
913.416151
913.726710
914.853765
915.365642
918.444237
920.135721
921.128919
921.491620
921.574072
922.130268
924.510740
924.543263
925.099991
925.300613
926.589665
927.166996
927.316664
927.454781
927.891538
928.226263
928.579092
929.273528
929.636884
929.996104
930.273198
930.283397
931.419054
931.917251
932.742103
933.285274
933.424374
934.007521
935.181394
936.383447
936.574894
936.703099
938.153861
938.381148
938.724311
938.806682
939.069563
940.612076
941.045596
941.369631
941.545882
942.476984
942.765916
942.971167
943.962481
944.273080
944.674693
944.760422
946.821980
947.474964
947.623444
948.493763
949.090959
949.502034
949.578916
950.333440
950.524764
951.529308
951.722476
951.937270
952.515174
952.661729
952.666276
952.852398
952.957092
953.338020
953.513001
953.926369
954.073825
954.779402
954.871972
955.611996
955.945820
956.507259
956.894126
957.064765
957.422346
957.907640
958.045757
958.191124
958.422139
958.781891
959.039980
960.283730
960.455311
960.678257
960.757309
961.019986
961.096991
961.292329
961.565696
962.245181
962.965504
963.121930
963.709829
963.902136
964.679639
964.860846
965.163868
965.914788
967.639736
967.724851
968.223457
968.357929
968.481833
968.509030
968.825364
969.448612
969.590333
969.762980
970.127401
970.313646
971.447706
972.413993
972.615475
972.638331
972.829696
973.190185
975.266734
975.913697
976.202588
976.609403
976.624189
977.166090
977.611899
977.950147
978.874491
979.920118
980.373914
980.643062
981.007319
981.732966
981.874524
982.196920
982.657188
982.921830
983.347732
984.010179
984.323932
984.633917
984.693309
985.525289
985.546957
986.029548
986.544783
986.740408
987.195638
987.257692
987.315773
987.995259
988.699566
989.799096
989.964820
989.976740
990.371717
991.173304
991.577457
991.678710
992.998031
993.135288
993.900626
994.359788
994.474516
996.210893
996.514529
996.575027
996.603781
997.348803
997.433467
997.991219
998.181437
999.643873
999.870792
1001.018696
1001.819791
1001.907978
1002.141327
1002.653368
1003.496448
1004.912435
1005.187441
1005.269688
1005.494764
1005.700424
1006.232330
1006.949990
1007.282381
1007.994839
1008.585236
1009.291264
1009.459937
1009.589412
1009.649254
1009.948221
1010.075648
1010.367406
1011.160392
1011.408896
1011.680952
1012.111073
1012.394230
1013.727805
1013.779948
1014.326436
1014.338150
1014.603899
1014.700483
1015.066706
1015.601603
1017.002598
1017.498583
1017.842278
1018.149847
1018.290954
1019.181015
1020.100239
1020.856648
1021.037568
1021.152051
1021.216358
1021.596426
1021.763461
1021.961134
1022.588314
1023.562506
1024.376013
1024.524657
1026.190172
1026.476360
1027.146056
1028.167639
1028.409999
1028.415816
1028.756849
1028.985651
1029.038121
1029.152276
1029.314478
1029.825741
1031.360348
1031.700029
1031.794115
1032.922235
1034.415473
1034.544374
1034.871644
1035.257651
1035.795292
1036.163932
1036.392120
1036.408013
1036.621251
1037.045228
1038.085120
1038.240440
1038.634435
1038.783078
1039.177236
1039.486484
1040.386417
1041.295933
1042.276147
1042.712371
1043.195986
1043.874816
1044.295107
1044.692951
1045.298299
1045.682831
1046.139126
1047.142892
1047.547822
1047.676150
1048.030331
1048.648294
1049.263350
1049.320980
1050.563584
1050.819256
1051.375862
1051.949998
1052.237537
1052.278784
1052.644393
1053.164749
1053.365699
1053.452042
1053.746258
1056.787784
1056.871588
1057.130906
1057.708319
1058.013635
1058.322801
1058.537841
1059.414303
1060.462838
1060.678083
1061.069005
1061.080310
1061.183406
1061.194301
1061.750374
1062.073631
1063.021609
1063.149363
1063.466353
1063.712809
1063.913431
1064.507965
1064.617042
1064.838881
1065.084027
1065.219604
1065.791037
1066.011771
1067.273298
1067.842888
1067.985961
1068.046950
1068.238029
1068.276244
1068.794511
1068.862054
1069.022904
1069.330555
1069.660078
1069.813146
1069.989356
1070.238147
1070.822277
1070.855373
1070.918328
1071.317524
1071.542395
1071.718318
1071.823135
1073.553080
1075.201475
1075.779789
1076.998636
1077.278966
1077.924700
1078.934897
1079.031316
1079.125934
1082.642268
1083.390198
1083.478426
1083.602125
1084.379423
1085.106790
1085.688013
1086.109737
1086.594826
1086.730854
1087.089336
1088.046367
1088.958915
1089.572454
1090.071880
1090.298634
1091.141468
1091.387269
1091.757711
1092.465377
1092.710687
1093.182136
1093.480776
1093.736202
1094.354821
1094.640517
1095.316152
1095.631217
1096.244347
1096.715223
1096.772035
1097.010954
1097.712804
1098.612777
1099.076403
1099.580293
1100.096881
1100.514836
1100.852019
1102.636114
1102.982922
1103.065211
1103.225938
1103.347098
1104.335995
1104.386744
1104.958218
1105.839923
1106.526577
1106.742641
1106.836603
1106.851308
1108.167721
1108.447683
1108.567982
1109.311119
1109.350359
1110.017393
1110.229729
1110.420890
1111.186309
1111.337001
1111.574610
1111.903150
1112.061870
1112.510259
1113.681265
1114.093199
1114.140508
1114.317701
1114.883809
1115.822162
1116.257976
1116.960727
1117.880484
1118.526628
1118.872453
1119.171297
1120.050463
1120.347791
1120.558490
1120.659292
1121.340744
1121.870029
1121.986560
1122.006508
1122.321408
1122.948547
1123.886080
1124.658995
1124.882760
1124.909629
1125.937725
1126.099354
1126.974095
1127.203471
1127.453696
1127.481876
1127.800586
1128.471757
1129.195807
1129.438536
1130.029834
1130.441687
1130.792632
1131.054531
1132.155453
1133.655204
1134.001029
1134.228152
1134.549402
1134.617231
1135.252972
1135.608054
1136.283853
1136.531415
1137.026949
1137.135124
1137.360814
1137.619149
1137.856102
1138.870395
1139.330335
1139.725107
1140.167311
1140.352819
1141.827052
1142.646047
1142.902661
1143.281172
1143.404175
1144.844657
1145.337364
1145.882583
1146.272973
1147.437261
1147.451884
1148.007875
1148.401418
1148.645908
1148.801065
1149.000417
1149.623132
1149.800980
1149.924434
1149.969490
1150.144471
1150.406984
1150.480712
1150.987674
1151.580652
1151.654502
1151.905260
1152.782459
1152.974520
1153.688781
1154.695209
1154.936504
1156.782940
1157.580063
1157.980160
1158.253691
1158.921421
1159.387341
1159.670948
1160.263270
1160.319345
1160.724644
1160.959263
1162.084925
1162.394624
1162.964992
1163.123057
1163.135345
1163.438776
1163.942543
1164.185846
1165.056655
1165.312614
1165.684736
1165.881508
1166.233846
1166.531338
1166.860943
1167.057838
1167.936635
1168.338371
1169.342874
1169.508557
1169.678049
1169.814282
1170.938716
1171.212452
1172.231291
1172.243825
1172.825702
1173.234319
1173.638144
1173.654528
1173.984215
1174.076047
1174.240707
1174.335939
1174.757745
1175.092142
1175.156204
1175.598121
1175.723540
1176.416502
1176.504812
1176.661811
1177.075384
1177.506980
1178.668442
1178.997146
1179.816755
1180.187853
1180.898632
1180.964700
1181.257605
1181.654630
1181.773537
1184.216678
1184.947732
1185.890468
1186.019983
1186.976932
1187.406397
1188.307599
1189.972623
1190.316564
1190.768394
1190.955500
1191.132488
1191.782973
1192.411628
1192.684913
1192.722596
1192.981586
1193.414738
1193.852887
1194.957455
1195.457946
1195.644273
1195.703828
1195.961795
1196.550349
1196.788449
1197.006520
1197.110108
1197.749002
1198.326579
1199.213527
1200.047145
1200.121283
1200.398582
1200.722289
1201.311662
1201.675756
1201.881989
1202.656092
1203.123528
1204.276224
1204.760044
1205.052744
1205.806612
1205.917327
1206.106440
1206.344909
1206.675743
1207.275848
1207.438991
1207.625277
1209.484902
1210.119414
1210.330194
1210.524221
1211.205755
1211.268465
1212.390605
1212.457943
1212.976620
1212.991898
1213.241836
1213.833503
1214.213407
1214.845952
1214.859878
1214.926479
1215.096791
1215.579709
1216.520479
1216.705577
1216.845824
1216.978534
1216.989676
1217.137336
1217.437532
1218.324644
1218.658796
1218.668626
1218.718269
1218.820915
1219.348029
1219.707290
1219.766067
1220.445471
1220.738048
1220.960215
1221.770936
1222.082396
1222.108733
1222.702899
1223.091159
1223.337042
1223.443702
1223.588782
1224.920023
1225.800991
1226.564895
1227.023647
1227.156931
1227.511194
1227.568497
1227.698258
1228.025528
1228.463596
1228.743516
1228.918538
1229.200507
1229.422264
1229.798031
1230.291476
1230.599537
1230.754775
1231.096381
1231.157002
1231.873556
1232.050545
1232.350085
1232.750756
1232.949412
1233.358971
1234.059960
1234.978980
1235.137618
1235.531653
1235.767009
1236.567245
1238.364406
1238.548890
1238.624133
1238.886810
1239.223173
1239.710188
1239.827128
1241.283256
1241.383199
1241.841172
1241.875702
1242.483630
1242.583081
1243.462246
1243.734794
1244.292956
1244.469699
1244.865208
1245.471212
1246.169539
1246.294794
1246.467604
1247.100396
1247.316705
1248.041411
1248.725688
1249.031987
1249.136312
1249.428193
1249.524490
1250.127340
1250.187510
1250.492088
1250.537226
1250.762588
1251.314115
1251.515720
1251.544105
1252.086170
1252.573389
1252.634542
1252.791091
1253.589197
1253.806490
1253.911511
1254.532096
1255.037665
1255.180780
1255.270072
1255.763558
1256.348795
1256.706294
1257.491497
1258.394173
1258.636493
1259.147919
1259.240202
1259.250770
1259.661066
1260.069765
1260.597289
1260.725043
1261.296558
1261.926031
1262.084751
1262.397235
1263.273411
1263.739863
1264.297779
1264.372736
1264.904643
1264.970465
1265.081303
1265.520271
1265.841848
1265.972429
1266.508308
1266.614354
1266.636390
1267.178988
1267.343401
1267.783311
1267.803423
1268.138885
1268.296827
1268.401971
1269.013053
1269.088748
1269.275361
1269.561098
1270.218670
1270.251192
1270.963692
1271.074816
1271.120364
1272.032051
1272.232632
1272.366080
1272.523776
1272.781537
1273.148129
1273.271501
1273.635062
1273.995469
1274.192282
1275.148370
1275.845714
1275.887370
1276.242944
1276.401050
1276.833260
1276.961423
1277.345710
1277.509222
1277.811589
1278.236099
1278.446264
1278.713979
1279.300157
1279.663473
1280.744980
1281.378181
1281.394360
1282.722079
1283.254149
1284.134625
1284.415078
1284.504822
1284.950467
1285.138227
1285.614060
1286.045737
1286.160056
1286.280765
1287.852769
1288.857600
1289.140879
1289.216246
1289.631293
1290.092544
1290.525286
1291.384463
1291.887329
1292.043469
1292.055839
1293.208904
1293.708001
1293.720084
1294.707753
1295.527567
1295.862047
1296.000000
1296.079708
1296.168714
1296.517284
1296.836076
1297.647739
1298.048778
1298.063524
1298.751898
1299.121562
1300.215357
1300.360274
1301.236163
1301.663293
1302.543770
1302.592143
1302.836838
1303.169270
1303.229317
1303.472292
1303.552492
1304.012308
1304.297554
1304.412529
1304.607744
1304.782193
1305.168650
1305.476342
1305.562604
1306.697277
1307.327693
1307.526062
1307.892777
1308.060467
1308.109988
1308.298486
1308.653568
1308.741796
1309.004186
1309.658276
1311.167119
1311.254651
1311.805194
1311.828869
1312.246333
1312.709837
1312.853279
1313.255916
1314.128200
1314.674934
1314.801009
1314.936709
1316.113981
1316.376863
1317.289984
1317.567570
1317.966356
1318.153544
1318.288753
1319.154156
1319.311811
1319.935795
1320.012513
1320.290140
1320.704205
1321.197117
1321.313239
1322.218250
1322.535567
1322.812539
1322.978632
1323.162132
1323.663196
1323.953644
1323.981005
1324.619366
1324.867379
1325.787259
1326.242775
1326.604247
1326.998569
1327.000494
1327.309005
1327.382159
1328.015729
1328.056648
1328.222454
1328.670474
1328.845660
1329.070817
1329.548739
1330.120008
1330.600100
1331.213066
1331.490488
1331.937772
1331.987046
1332.040090
1332.160553
1332.438426
1332.491018
1333.256356
1334.217236
1334.504038
1334.731203
1334.777405
1335.005061
1335.291699
1335.469548
1335.635599
1335.808287
1336.639816
1336.975933
1337.226117
1337.725174
1337.934152
1338.219274
1338.576323
1338.770104
1338.894377
1339.348009
1339.733320
1339.742781
1340.075500
1340.491039
1340.739338
1340.819210
1341.395231
1341.605069
1342.270341
1342.599373
1369.953894
1370.246758
1371.896586
1373.153567
1373.225615
1373.806428
1374.291190
1374.375199
1375.204680
1375.214510
1376.098918
1376.268001
1376.357868
1377.267630
1377.930609
1379.642900
1380.442685
1380.468408
1381.370061
1381.561713
1382.839419
1382.851912
1383.385170
1384.147845
1384.389140
1385.615647
1385.647800
1385.681920
1386.423542
1386.563707
1386.674872
1386.799841
1386.933453
1387.457741
1387.533517
1387.726193
1388.115026
1388.129239
1388.225618
1388.253757
1388.728648
1389.173924
1389.348291
1389.913825
1391.271895
1391.488492
1392.676413
1392.788316
1392.862085
1392.959406
1394.157978
1394.718433
1395.746734
1395.838771
1396.077650
1396.240630
1396.472627
1397.629133
1397.787116
1398.377759
1398.514729
1399.101522
1399.432192
1400.164024
1400.848916
1401.046385
1401.832571
1402.075054
1402.853048
1403.172332
1403.176264
1403.748721
1404.055552
1405.273825
1405.558866
1405.716562
1405.825802
1406.494802
1406.799462
1408.685179
1408.875192
1409.124393
1409.616364
1410.222039
1410.782863
1411.055002
1411.180995
1411.224617
1411.400172
1411.645112
1412.287529
1413.385789
1415.315948
1415.667589
1415.683236
1416.039547
1416.328806
1417.796157
1418.171269
1418.416538
1419.596800
1421.439590
1422.997217
1424.089498
1424.402104
1424.515359
1425.062748
1425.231667
1425.604977
1426.260132
1426.626396
1426.887803
1426.956452
1427.460751
1427.874652
1428.116480
1428.783268
1429.471683
1430.288015
1430.485565
1431.232471
1431.320699
1431.361249
1432.180408
1432.671191
1432.947671
1433.088492
1433.658450
1434.292224
1434.894377
1435.138499
1435.458560
1435.569684
1435.625103
1435.638170
1437.464494
1438.876549
1438.958510
1440.023798
1440.377569
1440.555254
1440.745677
1440.979845
1441.975132
1442.133156
1442.588713
1444.559340
1444.864696
1446.162760
1446.251397
1446.711009
1446.967091
1447.038280
1447.220552
1447.309189
1447.325737
1447.420969
1447.441203
1447.442268
1447.820288
1449.107825
1449.237873
1449.627075
1449.775350
1450.527580
1450.758717
1450.800620
1451.486372
1452.534211
1452.756992
1453.298319
1453.462692
1453.983293
1454.132347
1454.395392
1454.640251
1454.926807
1455.428567
1455.564186
1456.495698
1456.560456
1456.681533
1456.929341
1457.060127
1457.346970
1457.491968
1457.588060
1458.205901
1459.187630
1459.408814
1460.093911
1461.580718
1462.049874
1462.405366
1462.481674
1463.564902
1463.627489
1464.617533
1465.080586
1465.723167
1466.273137
1466.541548
1466.684293
1466.817536
1466.914488
1467.016888
1468.024955
1468.279685
1468.680028
1469.166264
1469.418783
1469.444956
1469.638984
1469.957284
1470.572872
1470.877286
1471.061975
1471.348736
1472.240558
1472.498893
1472.764314
1473.555169
1473.812726
1474.768691
1476.665016
1477.163295
1477.330657
1478.905815
1479.062446
1479.340155
1479.965860
1480.437842
1480.627937
1481.805865
1483.352023
1483.704771
1483.753431
1483.789353
1483.842396
1483.864105
1484.872417
1484.931277
1485.141770
1485.244047
1486.293688
1487.283036
1487.848038
1487.986729
1488.908739
1489.348567
1489.479107
1490.772582
1491.246940
1492.673126
1492.974346
1493.138391
1493.591777
1493.651169
1494.046966
1495.171809
1495.994040
1496.189747
1496.659886
1496.886559
1496.994529
1497.474294
1498.780959
1499.081482
1499.905516
1500.092047
1500.647916
1501.170565
1501.365453
1501.618586
1501.688627
1502.683054
1502.974280
1504.029368
1504.398828
1504.474890
1505.281106
1507.844137
1507.854131
1509.117911
1509.718876
1510.073713
1510.150472
1510.333358
1511.478395
1511.536722
1511.609549
1511.796449
1512.293294
1513.981501
1514.167378
1514.761585
1514.983014
1515.227955
1515.404739
1515.945247
1516.941271
1517.160448
1517.184819
1517.570908
1518.141563
1518.849638
1520.398459
1520.834683
1522.114232
1522.204180
1522.899763
1523.200942
1523.395379
1523.474227
1523.622298
1524.199752
1524.325704
1525.102838
1525.597798
1526.678446
1526.730875
1527.543562
1527.802225
1527.884104
1528.140513
1528.777564
1530.057032
1530.565837
1530.627031
1530.844774
1530.984530
1531.110113
1531.618591
1532.503450
1532.524995
1533.382287
1533.565133
1534.180598
1534.608466
1535.700296
1535.999099
1536.249487
1536.446628
1536.684483
1536.980009
1537.101210
1537.793188
1537.803551
1537.946870
1538.735555
1540.379034
1540.673331
1540.879155
1540.963287
1541.177713
1541.586371
1541.935186
1542.000108
1543.794278
1544.199578
1544.791122
1545.157181
1545.303777
1545.323315
1546.215260
1546.348462
1548.387369
1549.619405
1549.936599
1550.113628
1551.084175
1551.292580
1551.464817
1551.819162
1552.391291
1552.433725
1552.811622
1555.130081
1556.016128
1556.084859
1556.337623
1557.153628
1557.418025
1557.501010
1557.892710
1557.908439
1558.142116
1558.890619
1559.941939
1560.280842
1560.536023
1560.549990
1560.992563
1562.330071
1562.398679
1562.444800
1562.491658
1564.005908
1564.795781
1565.176422
1567.469076
1568.593633
1568.960430
1569.776271
1570.210734
1570.558116
1570.657362
1571.269263
1571.606610
1572.001710
1572.815790
1573.147812
1573.221458
1573.726781
1574.007685
1575.015096
1575.098819
1575.414825
1576.192369
1576.583537
1577.061704
1577.585623
1577.990226
1578.230784
1578.299146
1579.157094
1579.554570
1581.731676
1581.771612
1581.821501
1583.589704
1584.594575
1585.333862
1585.515520
1585.608827
1586.305925
1587.169690
1587.400622
1587.625042
1587.666616
1587.988152
1588.146995
1588.164280
1588.961444
1589.365637
1589.792154
1590.046269
1590.852035
1590.922076
1591.438336
1591.648502
1593.031721
1593.487933
1593.736970
1594.465649
1594.684293
1594.793984
1594.955899
1595.278868
1595.915305
1596.364022
1596.972483
1597.006356
1597.697270
1597.730898
1597.740646
1598.101627
1598.517002
1599.607685
1600.106455
1600.252846
1600.416809
1600.999465
1601.197916
1601.969848
1603.169485
1603.430277
1603.541729
1603.908608
1604.071547
1604.297073
1604.421591
1604.681400
1604.971069
1605.251686
1606.094356
1606.675825
1606.736978
1607.087104
1607.813816
1608.160911
1609.397821
1610.422313
1610.720379
1611.091599
1611.454341
1611.505951
1612.532122
1612.625879
1612.762685
1612.834079
1613.110764
1613.169213
1613.342597
1613.847347
1614.671176
1615.430492
1615.659295
1616.065004
1616.201646
1616.560415
1616.906854
1617.455759
1617.466737
1618.046362
1618.394685
1618.642125
1618.839634
1619.515474
1619.651994
1620.441989
1621.333197
1622.274662
1622.820168
1623.069204
1623.193969
1623.239557
1623.389594
1625.278792
1625.828352
1626.395976
1626.633708
1626.938532
1627.562189
1628.261868
1629.080699
1629.197066
1629.280256
1629.371310
1630.226473
1630.236385
1630.438113
1630.639636
1630.741668
1631.083684
1631.292293
1631.790490
1632.034079
1632.761119
1632.897229
1633.184072
1633.960919
1634.790892
1635.474391
1635.770286
1635.914465
1635.944448
1635.968164
1636.530504
1636.719821
1637.217280
1637.547991
1637.729116
1638.144205
1638.467420
1639.124173
1639.293583
1640.083251
1640.338432
1640.438866
1640.673526
1641.547203
1641.819095
1642.506117
1642.757734
1643.358290
1644.359803
1644.475392
1644.569641
1645.850911
1646.038630
1646.771036
1646.900101
1647.593595
1647.978045
1648.053412
1648.073155
1648.847913
1649.231094
1649.239654
1649.449206
1649.705738
1650.555822
1651.151872
1651.253740
1651.689144
1652.040131
1652.835492
1653.571584
1654.090179
1654.338437
1654.813573
1654.989292
1655.475118
1655.760609
1655.891272
1656.425595
1656.942182
1657.180774
1657.348588
1657.396716
1659.887084
1659.939799
1660.095406
1660.472115
1661.893837
1662.078730
1662.148649
1663.183585
1664.112927
1664.431145
1665.043415
1665.117430
1665.339965
1665.464607
1665.978450
1666.209260
1666.302894
1666.333041
1666.391368
1666.417172
1667.603292
1667.982172
1668.389356
1668.803666
1668.860232
1669.110211
1669.583831
1669.824389
1670.055567
1670.096241
1670.767043
1670.936781
1672.093901
1672.218952
1672.300216
1672.913183
1673.475973
1673.653248
1674.203750
1674.672210
1675.039171
1675.088814
1675.175444
1675.571446
1676.876472
1677.189161
1677.399818
1678.066934
1679.244902
1679.246172
1679.740314
1680.242360
1680.384696
1681.897718
1682.254602
1682.305802
1682.496471
1683.770982
1684.276306
1684.484014
1684.948337
1685.029929
1685.043569
1685.450670
1685.852119
1686.201999
1687.192125
1687.318446
1687.570760
1687.601193
1687.630111
1687.706870
1688.087675
1688.875622
1688.992317
1689.753600
1690.099180
1690.242294
1690.385613
1690.624492
1691.476460
1691.591475
1692.382003
1692.481577
1693.022986
1693.896581
1693.935247
1694.462525
1694.579630
1694.724383
1694.817198
1695.242854
1695.244452
1696.060252
1696.750019
1697.431798
1697.673830
1698.180792
1698.949284
1699.611075
1699.864207
1700.212572
1700.887552
1701.406392
1701.758566
1702.990193
1703.900406
1705.197732
1708.499886
1708.506972
1708.512092
1708.641157
1709.138944
1709.676421
1709.998490
1711.260385
1711.489638
1712.497869
1713.439785
1713.556931
1713.702871
1713.814282
1714.434253
1714.719785
1715.117179
1715.456205
1715.991265
1716.231250
1716.448338
1716.911800
1717.261640
1717.536809
1717.721293
1717.755740
1718.416220
1719.019848
1719.704166
1719.749181
1721.685606
1722.455040
1723.179500
1724.885647
1725.091021
1726.832558
1727.498445
1727.574835
1727.812485
1728.602112
1729.006264
1729.150894
1729.456742
1729.582694
1729.826816
1730.233303
1731.051725
1732.551066
1734.864773
1734.971761
1735.960658
1736.301691
1736.403927
1736.569569
1738.775060
1738.979287
1740.186051
1741.182894
1741.612564
1742.785946
1743.735071
1744.817603
1745.172972
1745.660355
1746.202583
1746.935767
1746.999214
1748.057989
1749.942845
1750.017966
1750.699172
1750.876242
1751.376445
1751.492485
1751.646290
1752.792064
1753.725583
1754.491126
1754.750812
1754.917356
1755.549204
1756.137595
1756.290785
1756.440003
1756.675359
1756.951716
1757.720945
1758.303068
1758.897521
1759.793521
1761.437778
1762.175508
1762.710610
1762.842419
1763.376210
1763.501179
1763.538698
1763.852493
1765.091492
1765.447311
1765.652193
1765.839544
1766.104883
1766.408274
1766.533161
1767.292477
1768.200765
1768.803164
1769.590170
1770.663813
1771.881021
1772.772475
1772.972933
1773.189161
1773.981696
1774.172774
1774.362337
1774.515528
1777.376707
1778.752430
1779.238830
1779.364659
1781.256765
1781.966725
1784.910111
1788.076851
1788.196291
1788.210708
1788.535685
1788.638659
1788.805693
1789.923246
1790.125220
1790.925660
1791.152865
1792.014418
1792.466166
1792.578560
1795.838484
1796.204503
1796.494787
1796.631593
1796.802806
1796.960952
1798.130647
1798.236692
1799.304069
1800.335688
1801.092055
1801.536553
1801.773548
1802.241065
1802.557194
1803.303240
1803.456676
1804.295004
1804.691743
1804.804342
1806.304911
1807.782707
1808.290939
1808.421315
1810.213929
1811.019244
1811.038945
1811.968532
1812.379034
1813.104722
1814.207119
1815.257825
1815.316603
1815.447306
1815.523082
1815.918019
1816.064573
1816.507884
1816.585789
1817.311191
1817.423544
1817.573499
1817.632522
1819.239916
1819.708826
1820.499886
1820.591022
1820.599419
1820.944916
1820.983624
1821.115392
1821.280993
1821.486203
1821.915505
1822.677565
1822.833746
1823.177769
1823.882854
1824.715448
1826.577162
1826.717327
1827.152445
1827.244196
1827.371991
1827.466854
1827.625861
1828.106445
1828.415283
1829.181522
1829.534433
1829.588214
1829.732434
1830.220636
1830.290924
1830.465372
1830.893568
1832.426701
1834.423501
1834.585170
1835.111465
1836.865946
1837.273661
1837.551862
1837.587948
1837.640786
1839.161180
1839.516058
1840.316211
1840.849961
1841.191444
1841.308017
1843.549389
1843.828244
1844.256522
1844.435558
1844.633887
1845.151334
1845.583954
1846.570926
1848.298783
1849.174139
1850.180280
1850.291405
1850.661069
1851.626742
1852.365660
1852.690063
1853.160940
1853.195141
1853.315932
1853.461709
1853.646356
1854.417306
1856.173302
1856.239165
1856.312812
1856.590807
1856.648520
1858.026455
1858.493768
1858.653757
1858.797363
1858.868429
1858.981233
1861.657764
1861.900984
1862.480937
1862.640353
1864.080425
1864.853586
1865.025577
1865.067192
1865.239060
1865.752699
1866.108314
1866.197074
1866.400276
1867.037164
1867.221606
1869.837722
1870.004019
1870.504837
1870.588887
1871.138324
1871.545016
1871.844352
1873.038090
1873.208033
1874.034811
1875.282002
1876.036936
1876.181402
1876.579164
1876.959846
1877.122007
1877.348721
1877.616312
1878.581699
1879.273759
1879.737057
1880.062444
1880.125399
1880.854856
1880.939110
1881.470034
1881.803080
1881.870295
1882.481623
1882.879140
1883.630305
1884.692972
1885.232046
1885.429596
1885.685268
1886.205010
1886.643446
1887.813263
1888.307937
1888.342508
1888.864911
1889.119969
1889.517281
1890.578350
1891.991962
1893.443215
1893.908767
1894.017925
1894.311608
1894.981509
1895.055811
1896.867799
1897.237709
1897.362227
1897.598403
1897.824174
1898.159473
1898.660700
1899.218493
1899.946107
1900.045885
1900.160655
1900.347884
1901.010166
1901.967974
1903.906161
1904.028303
1904.460964
1904.719749
1905.352868
1905.680097
1905.919877
1906.584904
1907.466609
1907.582403
1908.079002
1908.193198
1909.033042
1909.117829
1911.612416
1912.059249
1912.715428
1913.630884
1913.920553
1914.059858
1914.737951
1914.827448
1915.331789
1915.613102
1916.328059
1916.611092
1917.710705
1917.924065
1919.634596
1919.971451
1920.432906
1921.504829
1921.975583
1922.508104
1924.668457
1927.183073
1927.545283
1928.114913
1928.304108
1928.564613
1929.253519
1929.767895
1930.074726
1930.752901
1930.974740
1931.508900
1932.427428
1932.762931
1933.655532
1933.929062
1934.253916
1934.360863
1934.900429
1935.313142
1935.549522
1935.571558
1935.963423
1936.698573
1936.961413
1938.507653
1938.854175
1939.000238
1939.573514
1939.849257
1940.249805
1940.896154
1941.253693
1941.501420
1942.248612
1942.955663
1942.999859
1943.140475
1943.711089
1944.914207
1946.114826
1946.366525
1946.721239
1946.920919
1947.811021
1947.883397
