35.380838
35.906929
36.821484
38.261555
38.307512
40.643379
41.519882
41.552404
43.288617
43.969864
44.013568
44.042691
44.440945
45.905633
45.983744
46.405919
46.488945
46.521262
46.637588
46.799585
47.402435
48.037929
48.549192
48.573850
48.594166
48.782909
48.807322
48.839229
48.861839
49.073275
49.482957
49.494139
49.553039
49.677312
51.391406
53.457428
54.495519
57.099182
59.760189
65.094984
72.032502
72.766300
74.570916
85.259223
93.878641
94.781399
98.158592
98.492375
104.941076
106.776003
115.801661
116.208394
118.368788
122.150871
127.411159
130.205819
130.500035
141.115269
155.278746
155.808563
159.083438
161.052426
163.808256
163.961283
164.068598
164.189389
164.207821
164.633149
166.284616
174.000046
175.223194
177.478164
177.729659
187.693343
189.257646
190.577336
193.407631
193.687388
194.963988
195.205038
196.585554
207.698125
208.218604
208.722616
209.156751
213.235016
213.519524
213.654569
216.515092
226.177434
229.427773
234.216530
240.580239
241.621115
242.349548
242.520187
242.571796
246.428795
256.541327
265.197363
267.243356
269.177078
270.458388
270.883758
272.529572
274.258289
277.930230
284.266537
286.840504
286.974853
287.941263
288.960922
298.363167
305.210737
311.194542
314.460692
315.622851
316.343214
316.943729
321.637704
322.494669
322.497618
323.312640
323.519324
324.102431
324.651295
324.955750
324.995359
325.001216
325.743084
325.825905
326.211871
326.238618
326.259180
326.267822
326.327337
326.575882
327.576617
327.642317
327.886152
328.092795
328.363540
328.510833
329.264292
329.663242
330.510746
330.592420
331.259372
332.490138
332.644884
333.044818
334.719304
335.369421
337.133322
338.498191
338.514289
339.136266
340.645356
342.099845
342.847037
342.924780
343.500390
343.521034
343.600865
343.609467
344.152719
344.700314
344.800256
345.350062
345.973228
347.478589
347.617731
347.688509
347.961590
347.972157
349.967032
350.121943
350.825267
352.401408
352.548495
352.567255
353.796465
354.974269
355.191972
355.644088
355.937321
356.082770
356.106199
356.138353
356.398285
356.482703
356.966523
357.952102
358.416056
358.542418
358.670582
358.696878
359.133143
359.872717
359.886152
359.905976
360.067891
360.321516
360.920146
364.994642
365.407846
367.836406
369.956372
370.092769
372.799611
372.820050
372.883292
373.040046
375.421911
375.851418
382.250967
383.046943
387.195331
398.709391
402.515599
403.207455
407.962952
408.841093
408.843387
408.996291
409.360998
409.421701
409.692365
409.694740
411.439677
421.313126
421.384970
422.011740
422.152315
422.497485
426.770227
427.156726
437.247304
444.334981
444.347843
455.610491
458.046587
458.055721
458.280018
462.095933
468.552950
476.801516
481.451008
481.629635
482.621276
489.943081
490.069361
493.309542
503.379395
504.187945
521.559982
524.869878
524.924232
525.624156
529.758126
530.040259
530.508268
532.211753
548.087235
566.857400
569.285304
569.335112
569.771827
570.581402
570.583982
570.586522
585.172337
590.136648
590.305812
592.853893
593.252065
593.330422
594.671534
595.063890
595.344957
595.700982
596.219208
596.730020
598.279168
599.517594
600.875131
600.893112
601.867633
602.494116
602.542490
602.744463
602.908877
604.324086
604.589957
605.095199
605.770916
606.126817
606.423982
606.454129
606.737080
607.302369
607.336817
607.535923
607.761449
607.835423
607.895757
607.957524
607.959695
608.002662
608.032481
608.566395
609.283973
609.372652
609.403535
609.413120
609.755791
610.501386
611.738173
611.942277
616.113725
616.382300
620.440658
620.567634
621.959987
622.279926
625.945108
689.660723
689.883054
689.937408
689.945395
690.013307
690.071593
690.164736
690.277949
690.513838
690.697339
690.752143
690.806129
691.517317
691.622625
691.744031
691.843195
692.316037
692.390748
692.695122
692.802683
693.004575
693.709128
693.717402
693.802885
694.225797
695.158866
695.577518
695.806484
696.369357
696.760197
697.320612
697.451274
698.146120
699.546624
700.734956
700.828221
700.964250
702.097777
702.305403
704.450724
704.660111
705.196646
706.120663
707.011338
708.772004
710.694871
711.208305
711.739802
712.318075
713.449226
714.149151
715.542282
715.960197
716.999352
717.873316
718.225777
719.742403
720.922583
721.303921
721.557340
722.291876
723.385754
723.763692
723.902218
723.941212
725.394801
725.926543
725.932728
726.983352
727.026319
727.035167
727.518904
727.736115
727.836262
727.986504
728.061174
728.182333
728.478392
729.542574
730.078208
731.024466
731.210056
731.296563
731.425956
731.431117
731.575255
732.086723
732.354478
732.370125
732.496282
732.536627
732.581642
732.632105
732.681380
732.758589
732.822446
732.875162
732.950979
735.063695
735.736340
735.833661
736.282624
736.524493
736.693740
737.033216
737.143439
737.196687
737.387315
737.538458
738.130616
738.164900
738.422006
738.500116
738.600468
738.766971
738.995732
739.009454
739.206717
739.321733
739.732521
741.810504
742.271304
742.430638
742.924861
742.990397
743.156531
743.794401
744.144855
744.166851
744.173363
744.269292
744.465777
744.543805
744.556995
744.676721
744.706499
744.794358
744.828314
744.898683
744.989655
745.040241
745.978184
746.454630
747.156931
747.533558
750.026465
750.323466
750.642463
750.710743
750.819983
751.111700
752.114729
752.207380
752.468296
752.687718
753.017242
753.738916
754.800394
754.881167
755.208684
755.326157
755.335537
755.433759
755.576504
755.632824
755.764265
755.871089
755.879363
755.887391
755.900375
755.933430
756.032676
756.728668
757.406638
757.478973
757.940961
758.776136
759.438336
759.597548
759.850844
760.255611
760.311112
760.411423
760.785183
760.886067
761.937347
761.976504
762.131620
762.163896
762.236027
762.253967
762.377953
762.464584
762.490716
763.460239
764.082913
764.197274
765.283164
765.547807
765.640172
766.282056
767.006515
767.179817
767.262228
767.421235
767.518597
767.662776
768.163348
768.469156
768.471532
770.714296
771.398697
772.275896
772.380713
773.111030
773.644247
774.078300
774.351421
774.401147
774.578053
774.616228
774.636134
774.640108
774.698312
774.709658
774.719406
774.790062
774.902497
774.921380
774.955377
775.021076
775.111516
775.241441
775.260611
775.746970
775.764828
775.813939
775.846052
775.958118
776.308204
776.383734
776.446239
776.614871
776.696668
776.777769
776.802222
776.820326
776.940995
777.001411
777.081528
777.107620
777.243730
777.385001
777.458524
777.467699
777.576612
777.678397
777.721569
777.809388
777.867264
778.082591
778.103849
778.224722
778.419159
778.446234
778.644398
778.782802
778.926367
779.022131
779.067187
779.113800
779.195515
779.223163
779.247165
779.359396
779.554161
779.767398
780.119122
780.272804
780.394086
780.510536
780.571402
780.727255
780.787343
780.964864
781.116539
781.178061
781.294756
781.961216
782.275748
782.485053
782.624440
782.797701
783.028265
783.086223
783.123005
783.244943
783.395881
783.642132
783.729009
783.895511
784.312730
784.692675
784.747520
784.812155
785.082614
785.328783
785.600553
785.928110
786.560164
786.607677
787.745341
788.636754
789.013627
789.166694
789.300060
789.379072
789.550080
789.720637
789.761352
789.876081
789.972460
790.515548
790.688891
790.763684
790.992036
791.000678
791.077274
791.164723
791.254467
791.482040
791.525376
791.636910
792.020132
792.343347
792.466350
792.486216
792.572805
792.727101
792.747500
792.840847
792.860344
792.893399
793.089761
793.190973
793.257042
793.533194
793.778381
793.820733
794.090865
794.194248
794.282598
794.855711
794.920428
794.998907
795.145708
795.386470
795.603190
795.634033
795.957412
796.157010
796.736020
796.772352
797.977641
798.423081
799.241011
799.741706
799.902515
800.230113
800.295608
801.054269
801.261773
801.384694
801.614848
801.796669
801.946501
802.088591
802.257265
802.438390
802.535096
803.248169
803.729572
803.818455
804.247265
804.404019
804.627169
804.805018
804.982415
805.207286
805.679923
805.801943
806.167593
806.255124
806.313738
806.326313
806.441820
806.518088
806.638346
806.702735
806.936699
806.971023
807.414292
807.507231
807.544586
807.575839
807.769866
807.862682
808.156201
808.314225
809.590702
810.265149
810.498785
810.805207
810.954015
811.097702
811.123507
811.318886
811.425260
812.712100
813.022413
813.688422
814.779023
815.522161
815.656591
815.885353
816.292168
816.367985
816.384082
816.567706
816.617349
817.080443
817.100431
817.591050
817.931837
817.939538
818.118246
818.139628
818.374164
818.632172
818.703442
818.838118
818.883092
819.603456
820.021453
820.041400
821.352448
821.491753
821.535908
822.077850
822.423183
822.834422
822.909952
822.953574
823.049052
823.223173
823.267697
823.309640
823.380460
823.805256
824.140841
824.401838
825.474703
825.564733
826.037699
826.237051
826.658120
827.221606
827.418460
828.041134
828.126331
828.237742
828.509143
828.655821
828.835635
828.958720
828.990505
829.133087
829.163520
829.796844
829.811016
830.343332
831.134802
831.250883
831.925862
832.045957
832.556032
832.627466
832.698040
834.034074
834.613125
834.856509
834.930811
835.147530
835.258941
835.501138
835.617915
835.742761
835.807478
835.823534
835.834020
836.197376
836.459069
836.734525
837.168005
837.266063
837.503672
837.547500
838.279619
838.508831
838.804726
839.092552
839.217193
839.251108
839.257170
839.587963
839.742300
839.909704
839.966392
840.007721
840.016650
840.585052
840.709489
840.895037
841.374147
841.394586
841.519268
841.620480
841.745613
842.032169
842.119168
842.505257
842.546627
842.659594
842.857718
842.960814
843.029135
843.097784
843.442258
843.656520
843.954135
844.544860
845.326377
845.559112
846.050263
846.114693
846.363648
846.400594
846.497300
846.638776
846.648607
846.734868
846.830510
846.930985
846.941266
847.208407
847.404073
847.438397
847.751496
847.989391
848.026829
848.104776
848.293970
848.667648
848.794214
848.844349
849.540465
849.832018
849.838981
850.161500
850.315674
850.599731
850.890179
851.324477
851.572326
851.696681
851.774546
852.082606
852.949443
852.982866
853.105091
853.546476
854.429696
855.032996
855.224730
855.583990
855.642112
855.920108
856.002519
856.111145
856.338473
856.468849
857.822945
857.912648
858.290545
858.401915
858.495058
859.005256
859.216896
859.307704
859.381187
859.579679
859.749908
859.763958
859.852022
859.927429
861.169664
861.566853
862.047068
862.436147
862.774190
864.300646
864.356434
864.820593
864.910664
865.073725
865.387233
866.526331
866.841559
867.056230
867.298550
868.320993
868.520591
868.757299
868.839956
869.889597
869.980652
870.124012
870.735094
870.880256
870.967214
871.113359
871.787807
871.941571
873.174999
873.650790
874.429194
874.977485
875.326833
875.557028
875.659878
876.050924
876.115599
876.352471
876.395151
876.463145
876.473754
876.631859
876.674212
876.798894
876.992184
877.009265
877.138493
877.258465
877.663232
877.832315
877.949460
878.576886
878.706074
878.716150
879.205458
879.573975
879.739249
880.105390
881.050583
881.418076
882.028626
882.347827
882.459853
882.566636
882.744074
883.396567
884.022518
884.110950
884.436787
884.670464
884.761559
885.384970
885.473649
885.498184
885.814804
886.571418
886.840689
886.871818
887.160586
887.265894
887.287931
887.492076
887.686021
888.089149
888.349082
888.413102
889.490719
890.223985
890.633953
891.216404
891.612406
891.629732
891.797299
891.826053
892.408013
892.421734
892.705587
892.903588
893.096960
893.188997
893.278454
894.810767
895.195177
895.400059
895.591956
896.634593
896.808673
897.547837
897.907016
898.192548
898.360279
899.235103
899.373670
899.803505
900.072202
900.102963
901.379523
902.487777
902.933586
903.289364
903.353467
903.982653
904.037868
905.012511
905.418260
906.071777
906.271621
906.482934
906.568049
907.255644
908.206531
908.825805
909.028393
910.637752
911.203164
911.894774
912.192348
913.239286
913.393295
913.617551
913.816699
914.607432
914.971976
915.281347
916.412252
916.693156
918.195405
918.630687
918.778880
919.746560
920.194621
920.200069
920.599511
921.485722
921.640960
921.985802
922.087342
922.879058
924.552602
924.639109
925.995254
927.534039
927.715860
927.825306
928.723517
929.017774
929.250222
929.695130
930.079744
930.525225
931.386573
931.608453
932.523295
933.309727
933.589606
933.705318
933.723668
934.257050
934.887916
935.018168
935.418102
935.983514
936.344576
936.987771
937.878897
938.483180
938.816963
938.854687
939.754783
939.869225
939.970150
940.261212
940.878602
941.260841
941.803684
942.443356
942.477107
942.961869
943.729132
943.738184
944.993690
945.663263
945.799127
946.287247
946.864251
948.463043
948.710523
948.809933
949.135278
949.606359
950.486139
950.563881
952.164925
952.461312
952.665088
952.744100
953.445499
953.735864
953.855754
954.092667
954.286326
954.407281
954.730496
954.838057
954.892984
954.957005
955.147141
955.164099
955.494564
955.567473
955.743887
955.795620
955.893309
955.974533
956.141281
956.241101
956.265390
956.275507
956.282798
956.411249
956.463473
956.654756
956.678472
957.015204
957.094748
957.404652
957.757891
958.638981
959.126446
959.914271
961.151181
961.267139
961.794785
961.802732
961.885430
962.082611
963.618038
963.625984
963.693445
963.733750
963.785155
963.819274
964.738540
964.850524
964.864328
964.935352
965.062287
965.222646
965.611438
966.374441
966.928998
966.953533
967.337615
967.860511
968.136868
968.481997
969.023447
969.448858
969.902899
970.791076
971.154473
971.803853
971.962409
973.248184
973.582909
974.473216
974.666588
975.989596
976.769311
976.906322
977.903821
978.309693
978.800722
979.001508
979.431711
980.129260
980.648428
980.657111
980.806574
981.385134
981.739561
982.866985
983.414784
983.420641
983.683236
983.960699
984.870543
985.472983
985.955574
986.827489
987.637883
987.996570
988.679373
989.037691
989.483868
989.796557
990.296064
990.356316
990.785085
991.101051
991.244411
991.326904
991.375524
991.565005
991.596175
991.690424
991.731180
991.780495
991.879496
991.977759
993.435607
993.464033
993.608458
993.757553
993.912340
994.074337
994.679562
995.036283
995.784212
996.242555
996.580762
996.590510
996.953170
998.159811
998.448333
998.658089
998.799565
999.144407
999.495721
999.889101
1000.446689
1002.885448
1003.695800
1004.151644
1004.612690
1004.716646
1005.072015
1005.895229
1006.313062
1007.442780
1010.910536
1011.492536
1012.185661
1013.233705
1013.630853
1014.750167
1016.341504
1016.852849
1017.176719
1017.596805
1018.697359
1018.933371
1019.075338
1019.201331
1019.819213
1019.988828
1020.098642
1020.459909
1020.675400
1020.847800
1020.961464
1021.241631
1022.180844
1022.510612
1023.174451
1023.895552
1024.220733
1024.437740
1025.567130
1026.139136
1026.539930
1026.957476
1027.339018
1027.502735
1029.081006
1029.183365
1029.194834
1029.382349
1029.542871
1030.489334
1030.680412
1031.720673
1032.362230
1033.392046
1033.788047
1033.926492
1033.943327
1034.139935
1034.601595
1036.941353
1039.059272
1039.185920
1039.393505
1039.411159
1039.851971
1039.948595
1041.401487
1041.753743
1041.857659
1042.204631
1043.472179
1043.561595
1044.057989
1045.497815
1046.741197
1047.403889
1047.726572
1048.788378
1048.804147
1049.106432
1049.253970
1049.401549
1049.442386
1049.637601
1049.925468
1050.348995
1050.680525
1050.725540
1051.912233
1054.513275
1055.308964
1055.495823
1055.783690
1055.912059
1056.013804
1056.188826
1056.287457
1056.321085
1056.524165
1056.553738
1056.578068
1056.592691
1056.631931
1056.656548
1056.697221
1056.757965
1056.863846
1056.869990
1057.030840
1057.179484
1057.194476
1057.328538
1057.392722
1057.502167
1057.529119
1057.697546
1059.242557
1059.578388
1059.813007
1059.923927
1060.050166
1060.384236
1060.450468
1060.552540
1060.573020
1061.867766
1062.054052
1062.187909
1063.648502
1063.748116
1064.327414
1064.638300
1065.784525
1066.054779
1066.821755
1066.882744
1067.055677
1067.584963
1067.707433
1067.941315
1068.056986
1068.240445
1068.506604
1069.505823
1069.783572
1069.881426
1070.079631
1070.537482
1071.205786
1072.132383
1072.440893
1072.571392
1072.820224
1073.214874
1073.700086
1074.403123
1074.611978
1076.175258
1076.467507
1076.922122
1077.422490
1078.116434
1078.157435
1078.650716
1078.679798
1078.835241
1078.892093
1078.972948
1079.005512
1079.089644
1079.164027
1079.438664
1079.585300
1079.641948
1079.777444
1079.929856
1079.977124
1080.168980
1080.355430
1080.500797
1080.567931
1080.661484
1080.753930
1080.928010
1080.989983
1081.003008
1081.007268
1081.102459
1081.844244
1081.964667
1082.505708
1083.057848
1083.582300
1083.700101
1084.872499
1085.769769
1085.948969
1086.288896
1087.168594
1087.657861
1088.186778
1089.384489
1089.724621
1090.770985
1092.223918
1092.787773
1093.481349
1094.415811
1094.963159
1095.333724
1095.881236
1096.170783
1096.413635
1097.633382
1097.755443
1099.861524
1101.466911
1102.663393
1104.617513
1105.318093
1106.259108
1106.849546
1106.975580
1107.505971
1108.047995
1108.672553
1108.748001
1108.842947
1111.808451
1112.419287
1112.537498
1112.620769
1112.847319
1114.945290
1115.058217
1115.362468
1115.751916
1118.008525
1119.001682
1121.860157
1124.152443
1125.238252
1125.799076
1126.328033
1127.766794
1129.548759
1130.459300
1132.109742
1132.414771
1133.261332
1133.467566
1134.783529
1136.596992
1136.731546
1137.008517
1137.297080
1137.909596
1138.545500
1139.082813
1139.090760
1139.408896
1139.873137
1139.952271
1139.963453
1141.219451
1141.322998
1141.744230
1143.006740
1144.032502
1144.497684
1144.573379
1145.612411
1146.507592
1148.617605
1151.208448
1151.507456
1151.715738
1151.961416
1152.225567
1152.500040
1153.826734
1154.619597
1156.428431
1156.775322
1158.147686
1159.534469
1160.758600
1161.097257
1161.481257
1161.621586
1162.537206
1162.835558
1163.283292
1163.418706
1163.621786
1163.795620
1164.373565
1164.853289
1165.634888
1166.421770
1166.990500
1167.078810
1167.087247
1167.240028
1167.531500
1168.620134
1169.284506
1169.512571
1169.712210
1169.846026
1169.954243
1170.227487
1170.472837
1171.542508
1171.778888
1172.887921
1174.472786
1175.935549
1175.950909
1176.072643
1176.480727
1177.068380
1177.123389
1180.118139
1180.676301
1180.722995
1182.449295
1190.054011
1192.049050
1193.697935
1194.652099
1194.958275
1197.126369
1197.759734
1198.592942
1198.934467
1200.501801
1204.536566
1204.769423
1206.610043
1209.061335
1210.679419
1212.152791
1212.266865
1214.619156
1216.001884
1216.354918
1217.543291
1217.655357
1218.882028
1220.035707
1221.814149
1222.079898
1222.989660
1223.612785
1223.623025
1223.762698
1224.271995
1225.206047
1225.844900
1226.811023
1227.422433
1228.350628
1229.892854
1231.636890
1232.003645
1232.305930
1232.899850
1234.748457
1237.415404
1239.010386
1239.483761
1240.051589
1242.058916
1246.038548
1249.092403
1250.526700
1250.540749
1250.725888
1251.173786
1251.788022
1252.902175
1253.105664
1254.289818
1254.438666
1254.532997
1254.570762
1254.906143
1254.952632
1255.129989
1255.835976
1256.880783
1257.208545
1258.049085
1258.699735
1260.514058
1261.220004
1261.436191
1263.062139
1263.989309
1264.140902
1265.017487
1265.137132
1267.128033
1267.290030
1267.935232
1268.095181
1268.802765
1270.158746
1271.268434
1271.403192
1271.442145
1271.654810
1273.007022
1274.197524
1274.358006
1276.022129
1276.465807
1277.921485
1277.977190
1278.602977
1278.674207
1278.926725
1279.021261
1279.260549
1280.108831
1280.580280
1282.240963
1282.250260
1282.449080
1282.533458
1283.261112
1283.825623
1284.924293
1285.511250
1285.519032
1285.558518
1285.667758
1285.688197
1285.711626
1285.799731
1285.955912
1286.170829
1286.247997
1286.432113
1286.670746
1287.016038
1287.270277
1287.538688
1287.625400
1288.582226
1288.843346
1289.393234
1289.708052
1290.343096
1290.493870
1291.207680
1292.283412
1293.963674
1294.133248
1294.264115
1295.040471
1295.896904
1295.909028
1296.697999
1297.438351
1297.739940
1298.020721
1298.193080
1298.674524
1299.792650
1300.397220
1300.445594
1300.868219
1301.014323
1301.269586
1301.485158
1302.427402
1302.501253
1302.869975
1302.983311
1304.926822
1306.278380
1307.648942
1308.141978
1308.707185
1308.762522
1310.994514
1311.974687
1315.171738
1315.677512
1316.730593
1319.086612
1319.900324
1319.960125
1321.118802
1321.422643
1321.534546
1322.069893
1323.811758
1324.014469
1325.492101
1326.820803
1327.176745
1327.850086
1329.927332
1331.172516
1331.185500
1332.805960
1333.761638
1334.769172
1335.296082
1336.239227
1336.342774
1336.577761
1336.843018
1338.128179
1338.667418
1339.251261
1339.267318
1339.357266
1339.866604
1340.513403
1340.667494
1341.516104
1341.650084
1342.012662
1342.199276
1342.453678
1371.320689
1371.387372
1375.075369
1375.500780
1375.641682
1376.038543
1376.322560
1378.171494
1378.277294
1378.438513
1378.609234
1378.632131
1379.155599
1379.739320
1379.778806
1379.906806
1381.783962
1382.417818
1383.098245
1383.469343
1383.882588
1385.161933
1385.331016
1385.647145
1385.764700
1385.946890
1385.978061
1385.985679
1386.054738
1386.103439
1386.421494
1386.732421
1386.914038
1386.981089
1387.980308
1388.222013
1388.251300
1391.052841
1392.005980
1392.048742
1392.842260
1392.843981
1392.864051
1393.216020
1394.101289
1394.227732
1394.591867
1396.535214
1397.757747
1398.270730
1398.641377
1398.710845
1398.852280
1399.043850
1399.825900
1399.836631
1400.829338
1400.947016
1401.134367
1401.272689
1401.862472
1402.057892
1403.228733
1403.283702
1403.285996
1403.524096
1403.556168
1403.558707
1403.986207
1406.421033
1407.107154
1407.399281
1409.421804
1410.339922
1411.199058
1411.257221
1411.319767
1411.579249
1412.332872
1413.385503
1413.928223
1415.531643
1415.985275
1416.198226
1420.300739
1424.335380
1426.946417
1427.791503
1430.906102
1431.075021
1432.382259
1432.972165
1433.332122
1438.154629
1439.107645
1439.463711
1439.477637
1439.978496
1440.081428
1440.089088
1441.195868
1441.509007
1441.516298
1441.746862
1442.485043
1444.271350
1445.369446
1445.939118
1447.148954
1447.193477
1447.345234
1447.410934
1447.417733
1450.526024
1453.240525
1453.291643
1455.044403
1455.335875
1457.130496
1459.222569
1460.033946
1460.046234
1460.244972
1462.384189
1463.242547
1463.500554
1464.867103
1467.847270
1468.153610
1468.231844
1469.055058
1471.275336
1471.284347
1471.623619
1473.116406
1474.468045
1475.663421
1475.792814
1476.397916
1477.273190
1477.461524
1478.616269
1479.082476
1480.025907
1480.396923
1480.548434
1481.860014
1482.853171
1483.508613
1483.815240
1484.083855
1484.176876
1484.645417
1484.648612
1484.651069
1485.889167
1488.085606
1488.171172
1489.439252
1490.517852
1491.380511
1491.433062
1491.733914
1491.773972
1492.776468
1492.786422
1493.084733
1493.668823
1493.716214
1494.242673
1496.211743
1496.260813
1496.398356
1497.847808
1497.917809
1498.123223
1498.818847
1498.900562
1501.515448
1501.906780
1502.138040
1503.230075
1503.414682
1504.415007
1504.489636
1504.555745
1505.943716
1506.658058
1507.576504
1507.761603
1508.437074
1508.799898
1510.474056
1510.804398
1511.492526
1511.828275
1512.215921
1512.529306
1512.950825
1513.263268
1514.844324
1515.981292
1518.217871
1518.546043
1518.562714
1523.180134
1524.114309
1525.264957
1525.602796
1525.664031
1525.846630
1528.325079
1530.576773
1530.720829
1540.366828
1541.872067
1543.655916
1543.898644
1548.432261
1561.200067
1561.706209
1569.319731
1570.670387
1571.384525
1572.029809
1580.289884
1581.200097
1582.125302
1582.159135
1582.224425
1585.186857
1585.437573
1588.928389
1592.161198
1598.592041
1603.573064
1606.108897
1607.193641
1607.229809
1609.031885
1611.435827
1611.527004
1611.529175
1611.628421
1612.035482
1612.038185
1613.534167
1613.801759
1614.000701
1614.398423
1615.285248
1616.682353
1617.008927
1621.276058
1630.053990
1630.410916
1634.057503
1634.188165
1634.395668
1634.832712
1635.863183
1635.957760
1636.474634
1637.389189
1638.519767
1638.539551
1638.614057
1638.643548
1639.740334
1642.062602
1642.951680
1643.068088
1643.157955
1644.257280
1644.319703
1644.352143
1646.651228
1647.098757
1647.200256
1647.203492
1647.429632
1647.431967
1647.882650
1649.682964
1649.692385
1652.020347
1653.504696
1654.582723
1655.022961
1655.127491
1655.143219
1655.389716
1659.008328
1659.011031
1659.298488
1659.462861
1660.015329
1660.017746
1660.244050
1660.438528
1660.457247
1660.566200
1661.399941
1663.319327
1665.171988
1665.184727
1665.384571
1665.488896
1667.187425
1667.605873
1670.202696
1671.806034
1671.940383
1672.556257
1673.778340
1673.874309
1673.931448
1673.950454
1674.625229
1674.652058
1675.526554
1675.714642
1677.595320
1677.597082
1677.651517
1677.964984
1678.043464
1678.538916
1678.545961
1678.943396
1679.787991
1681.236869
1681.266278
1683.012362
1685.206671
1685.584691
1685.617664
1686.087393
1686.846833
1687.359734
1687.474422
1687.608484
1687.629373
1688.015053
1688.990433
1690.456515
1690.582426
1690.672005
1692.412232
1693.173473
1693.237903
1693.950853
1694.289674
1695.179162
1695.354470
1695.953142
1695.955395
1696.108298
1696.266568
1696.317768
1696.389530
1697.588183
1697.591869
1697.594204
1697.654661
1698.009252
1698.229903
1700.210811
1701.617541
1702.036275
1702.063923
1702.405898
1704.319386
1711.077827
1711.194890
1712.302531
1717.811569
1725.350461
1725.680189
1727.765135
1729.898373
1735.689298
1737.459794
1738.650132
1741.083443
1742.086922
1742.152499
1743.157207
1744.678625
1747.800392
1752.268472
1752.830321
1752.907121
1753.027789
1753.291858
1762.365358
1762.544353
1764.769669
1768.011489
1768.255160
1768.257454
1768.259420
1774.101094
1776.711107
1776.884900
1777.378427
1778.263491
1780.807475
1781.206712
1782.532628
1782.535291
1782.538527
1789.886423
1791.289795
1791.421112
1792.133775
1792.533012
1799.581532
1808.582984
1812.984668
1818.923459
1825.837056
1826.062746
1826.362900
1829.536932
1829.539062
1829.764424
1829.767045
1830.199173
1830.201508
1830.773309
1832.659558
1833.516769
1833.525330
1836.792832
1837.595402
1839.368479
1839.695462
1841.697505
1841.706312
1844.830822
1844.847739
1845.938586
1849.951601
1850.066125
1851.173970
1852.415590
1852.692234
1853.850255
1854.137508
1854.629601
1857.445888
1857.448305
1859.913728
1860.995645
1862.562816
1865.544458
1867.116585
1868.348006
1870.722703
1871.152210
1871.831245
1873.818460
1881.062195
1881.700188
1886.442209
1886.695875
1889.335378
1892.247429
1896.933171
1897.590088
1897.608561
1900.468183
1900.493947
1900.635750
1900.755722
1907.966484
1910.168412
1915.071816
1915.137024
1920.521052
1923.265004
1931.380122
1933.629809
1936.392315
1937.060291
1938.512445
