35.907953
36.499005
36.831846
38.847570
39.837000
39.853302
39.856783
39.860797
40.374108
40.443331
41.534628
41.542042
45.149798
45.612073
45.712056
46.273126
46.422917
47.522898
47.704556
47.717417
47.719834
47.727739
48.031334
48.057180
48.837796
49.257021
49.676493
50.593055
51.492168
55.660216
57.176637
57.296200
61.310198
63.703286
66.797158
68.410122
72.162959
72.730010
73.523937
76.853166
78.265139
78.354637
79.585034
81.956045
82.486149
83.973489
86.745907
87.399301
87.425229
89.298780
93.634765
95.784919
102.505841
102.563226
105.697608
105.910927
106.037862
107.059487
109.060219
109.191700
109.802291
109.820232
111.987794
112.063980
113.113416
113.892147
117.528781
120.815452
121.074483
124.178924
124.281979
125.496730
126.093148
126.813307
128.136888
130.000036
131.082732
133.170176
133.720556
135.056712
136.871158
138.400645
139.114373
141.477929
149.956076
151.330324
152.589107
153.792266
154.587505
154.592502
155.623997
159.780618
160.275497
163.411927
163.691725
163.698074
164.126679
164.443177
164.488315
164.493517
164.503020
164.590797
164.673331
164.898202
164.901888
164.907868
165.171323
165.481554
165.847245
166.184878
166.339871
166.745620
166.940221
167.152230
167.165706
167.168860
167.716618
168.961147
169.795256
169.857966
171.731476
172.049859
174.665318
176.326246
178.552750
179.327386
179.779666
180.058644
181.452349
181.834179
182.482944
182.685819
182.919004
183.807713
185.560678
187.125719
187.473592
188.349399
189.286318
189.967647
195.703849
195.920036
196.000399
196.017439
196.957512
196.999823
197.175419
197.587722
198.958858
199.177871
200.062484
201.684009
201.844531
202.384712
207.713198
208.061481
208.107889
208.302244
208.693535
211.416596
211.817144
211.994993
212.006216
215.055974
215.407739
216.146493
218.044293
218.454753
220.314747
221.121536
221.398999
221.822894
222.033961
222.754939
223.906447
224.449044
225.224581
226.539356
227.312599
228.167885
229.144207
229.389763
229.563474
230.235300
232.452219
232.569487
233.485435
242.141266
242.727526
242.774999
242.783396
243.364291
243.774874
246.416548
246.609428
248.205804
249.495716
250.250732
251.435827
252.119122
252.321628
255.718277
256.723968
259.832627
261.215560
263.180001
267.198505
267.630182
267.872748
267.986330
268.224922
268.759040
270.688297
271.292252
271.621530
273.242399
275.786547
275.844874
276.043121
276.631020
276.670382
276.839260
277.390991
280.264131
280.323441
282.048717
282.182533
282.470892
284.517622
289.010442
289.016709
289.020600
290.412626
290.820055
290.932654
291.851182
293.647974
293.648753
296.574403
297.665905
301.006725
301.069476
301.082337
301.194322
301.447414
302.397194
304.898990
308.124795
311.290511
311.677215
313.236070
313.456026
314.005709
314.622198
316.138168
317.822034
318.205297
318.461993
319.546081
319.550382
319.565210
320.919020
320.941998
320.946217
321.401487
321.405092
321.485455
321.707540
321.721426
321.723965
321.876337
322.025226
322.777539
322.791752
323.328082
324.263690
324.906639
325.309030
325.328364
325.332705
325.590876
325.709537
325.722849
326.093947
326.317138
326.341837
328.034591
328.318853
328.338432
328.341463
328.655135
329.035489
329.045975
329.051546
329.051914
329.926615
331.465400
332.113510
332.609987
332.828221
332.834120
333.068575
333.787382
334.507254
337.669857
337.901404
338.053489
338.949980
338.979389
339.090145
339.193487
339.443548
339.644416
341.562860
341.668413
341.931254
342.381732
342.386606
342.392177
343.295918
345.606144
346.271252
347.444593
347.449508
347.452211
347.547894
347.552154
347.655414
347.658854
347.927511
348.566487
348.589875
348.592742
348.840428
348.852060
348.857631
349.137265
349.312655
349.320274
349.599580
349.604209
349.725983
350.356767
350.834278
352.040346
352.407839
352.686490
352.790815
352.797901
353.080730
353.198080
353.229046
353.523466
353.999954
355.009167
355.094938
355.125248
355.139379
355.143762
355.159941
355.206881
355.813827
355.853763
355.888005
356.015432
356.327752
356.434534
356.914299
357.053481
358.623150
358.707937
358.800957
358.840115
360.306852
360.700068
364.511642
365.951386
368.820593
369.686528
371.507814
372.398449
373.474140
373.844255
374.249800
375.963976
379.771249
383.571927
383.809741
383.831327
384.257720
384.602358
385.335788
385.343201
385.345495
385.472922
386.138399
386.442895
386.451661
386.454774
386.894766
387.322716
387.761480
387.770491
387.785277
387.788145
387.791094
388.543816
388.694548
388.740915
389.530911
389.977375
391.266755
392.191754
393.925345
393.961677
394.369884
395.277271
395.282924
396.378030
397.468180
397.896376
398.334689
399.702385
401.980211
402.507899
403.230597
403.280241
403.290399
403.574047
403.821117
404.066918
404.139459
404.346225
404.406682
404.599726
405.102797
405.351178
405.668905
406.334464
406.476800
406.638019
406.667182
407.188972
407.421788
407.439483
407.624909
408.745574
408.948122
409.109914
409.584026
412.140708
412.649472
417.366835
417.970422
420.313580
420.912579
421.678858
421.762212
422.514524
423.697121
423.768269
423.774618
423.779901
423.784366
424.742216
426.807378
426.874839
427.203215
428.612239
429.159629
431.698862
431.856435
432.191611
436.734976
437.366252
441.289564
441.292759
444.514673
444.801843
445.904814
448.874455
449.456292
450.036777
452.570194
453.416018
457.488466
459.634442
460.493578
462.586511
462.880932
462.966292
470.902292
470.903521
470.912655
471.733125
474.860380
479.505121
479.508603
479.510897
479.619932
480.453468
481.111204
483.846062
485.716992
488.639611
488.762122
490.537574
497.166172
501.217772
502.294487
502.313533
505.492562
505.866977
506.726769
507.323269
509.644349
511.374500
514.813338
515.874365
516.002980
517.193728
517.347615
518.989537
519.614505
522.073129
523.249664
526.397850
530.828534
531.862241
531.864535
532.458783
533.512684
536.185774
536.473190
536.637358
538.159636
541.193421
548.274872
550.214615
555.076403
557.734298
561.960141
566.043443
566.427238
568.188150
568.193475
569.744957
570.915758
575.526011
577.243628
579.808379
580.515922
589.102490
590.362132
590.367457
590.372659
591.845212
593.374577
593.424056
593.563484
593.692058
593.765253
596.955955
598.245089
598.273966
598.383165
598.434365
598.454600
598.458737
599.403643
599.531274
599.539753
600.616018
601.062687
601.708216
602.850468
602.868982
603.284316
603.293245
603.433001
604.410880
604.425708
604.972237
605.149389
605.158810
605.619118
605.714432
606.010409
606.123827
606.126899
606.179779
606.343414
606.368113
606.446428
606.620140
606.625219
606.720614
606.777590
606.830715
606.851113
607.670108
611.505684
616.560804
619.771822
621.006725
621.341901
626.506506
627.767624
628.798792
689.632461
690.607596
690.618450
690.623775
691.094528
691.536118
691.613901
692.808704
695.422362
697.419203
697.440543
697.443697
697.549578
697.705923
697.708175
697.780552
698.648945
699.765760
699.777393
699.924972
700.237537
700.953477
701.439304
702.645248
702.650450
702.653972
703.162368
703.357583
703.424840
705.526661
706.556887
706.834186
707.275653
710.199378
711.715062
711.857521
713.058345
713.403884
713.792266
713.938412
714.956759
715.289600
715.308237
715.312210
715.809587
716.170322
716.424397
717.155246
719.957975
719.989268
720.357868
720.420495
721.299251
721.819607
723.672801
724.443300
724.447642
724.740096
725.149327
726.245949
726.268191
726.281093
726.619955
728.164803
728.500634
729.933128
730.045932
730.222551
731.194860
731.383030
731.538883
731.684086
734.533960
735.098184
735.844966
738.372854
740.640440
742.143017
743.680860
743.867269
743.881359
745.264292
750.306427
751.788237
751.857459
752.366223
752.672481
752.975872
753.124434
757.097718
757.258609
758.002483
759.401103
760.416625
763.253678
763.732173
764.058173
764.197642
765.348045
768.374047
768.439009
768.555540
768.849388
769.388380
769.458995
769.706148
769.709670
770.137293
771.387638
771.827425
772.935311
773.103698
773.292319
773.324718
773.327299
773.841961
774.000067
774.142116
774.255247
774.404751
774.410486
774.413312
774.831677
774.912901
774.916055
774.986097
775.365632
776.110449
776.401797
776.444314
776.529469
776.827412
777.521234
777.748029
777.802301
778.076692
778.818191
779.387126
779.810406
781.423575
782.138450
782.289265
782.866309
783.933972
785.280410
786.050007
787.062211
787.094323
787.238380
787.572572
788.478157
788.570726
788.652605
792.640061
793.150669
793.190892
793.971057
797.701448
797.862666
799.345172
799.966945
802.063442
804.313907
804.558316
805.686518
805.774991
805.882511
805.885420
805.888287
805.891072
807.261880
808.722801
808.997806
809.001738
809.767485
810.655334
811.720008
812.281242
814.383473
816.473580
819.329024
820.517151
820.600095
821.934408
822.575964
827.141898
829.880975
830.535926
830.622843
833.772216
833.900093
834.144993
835.079127
835.087073
835.409510
835.658916
836.066959
836.256236
836.661780
837.324063
837.510062
838.836388
839.105208
841.714893
842.893148
843.384013
844.410511
846.509629
847.435448
849.826488
850.461532
857.436283
859.050885
861.235855
861.871841
861.880156
861.884170
862.781768
863.477842
863.498772
863.501844
863.728763
863.827108
863.928730
863.947448
863.950684
863.964652
865.335009
866.473247
867.315466
867.339223
867.541934
867.674194
867.686973
867.966648
870.255124
872.298373
873.425388
875.342356
875.548426
875.671142
876.475474
876.528312
876.993618
877.000581
877.434143
878.320845
878.443643
878.520771
878.636892
878.660526
878.736548
879.592079
881.827553
882.351227
884.730429
885.101404
885.357158
885.640438
886.870917
888.717967
889.590252
890.352312
890.873979
892.413338
893.709885
893.748224
894.229094
894.926602
895.383470
895.394406
895.624315
895.725281
896.349266
896.355820
896.747520
899.019612
899.293184
900.386161
900.856791
902.266184
902.846587
902.899753
902.903808
902.906266
903.281459
903.305708
903.345029
903.945380
904.532787
904.683643
904.695480
904.699699
905.071862
905.771213
906.558833
906.584719
907.022705
907.440988
907.941970
907.947500
908.189368
909.123174
909.735076
910.413824
910.448968
910.809580
910.945812
910.975427
911.090565
911.442289
911.720612
912.858235
912.866427
913.079214
913.254810
913.276641
913.290609
913.624269
913.636434
913.640407
913.647862
913.656218
914.064589
914.262794
914.399969
914.449695
914.461409
914.464113
914.637865
915.046482
915.372483
915.578020
915.838935
915.913646
915.954729
916.040909
916.051681
916.054262
916.058112
916.227195
916.400824
916.451246
917.016904
917.112422
917.258158
917.472010
917.742633
917.854454
918.228541
918.339379
918.470124
918.631875
918.774333
918.824182
918.903603
918.941082
919.104512
919.226245
919.315374
919.755284
920.226570
920.240620
920.609915
920.964342
921.015624
921.058550
921.276088
921.598730
921.719357
922.053796
922.203750
922.444227
922.484244
922.559365
922.571858
922.576855
922.758554
922.815037
922.841498
923.035320
923.140096
923.193836
923.500093
923.722424
923.993948
924.212101
924.303073
924.615107
924.686541
924.781978
924.868526
924.897853
924.912353
925.547479
925.635461
925.857096
925.873480
925.876961
926.134804
926.464942
926.624604
926.632264
926.921974
927.425167
927.614484
928.277750
928.428810
928.445972
928.812483
928.833577
930.423112
930.460836
930.588058
930.592727
930.837709
931.264348
932.112138
932.198769
932.262052
932.268401
932.546478
932.708966
932.841923
932.879770
933.591286
933.840364
933.974344
934.375916
934.553354
935.498793
935.528776
935.961928
936.050360
936.056627
936.058962
936.373371
936.441446
936.529019
937.459753
937.796690
937.805496
938.142310
938.309018
938.362757
939.121500
939.574723
939.682939
940.232376
940.243599
940.247532
940.951060
941.059154
941.187154
941.869752
942.045102
942.091428
942.110228
942.166753
942.201364
942.220165
942.228644
942.822523
942.892728
943.522693
943.661220
943.892193
943.901655
944.294953
944.494879
944.648151
944.729457
944.874742
945.055375
945.132503
945.137418
945.437614
945.667768
945.696481
945.887805
945.944044
946.109153
946.216878
946.473206
946.500035
946.713068
946.891080
947.142533
947.192791
947.781632
947.831357
947.977134
947.987128
948.271841
948.375224
948.467466
948.554220
948.967178
949.007401
949.460132
949.622784
949.778760
950.415073
950.729441
950.744392
950.748406
951.134700
951.520666
951.778591
951.841833
952.659927
952.879022
953.146941
953.351250
953.363784
953.367224
953.884426
954.236068
954.343875
954.419855
954.454057
954.484695
954.593772
954.618348
954.658161
954.672538
954.865418
954.880737
955.001610
955.023360
955.132273
955.145339
955.166597
955.173192
955.516477
955.559444
955.788370
955.805409
955.852349
956.051988
956.132352
956.296274
956.590735
956.616950
956.635873
956.639601
956.838298
956.894454
957.158973
957.187113
958.181417
958.476861
958.984274
959.032934
959.444951
959.609160
959.628575
959.639347
959.939502
960.081797
960.225567
960.401572
960.621240
960.905585
961.117266
961.248748
961.407918
961.417789
961.420165
961.649050
961.667359
961.939005
962.172682
963.780526
963.806986
964.143104
964.200694
964.560200
964.588421
964.809564
964.911391
965.062287
965.074575
965.079409
965.443215
965.453251
965.455790
965.849825
965.976924
965.979054
966.540042
966.883246
967.460291
967.623598
968.649728
969.046712
969.730621
969.765151
970.428621
971.204567
971.304755
971.647058
971.708498
971.725496
971.850629
971.990303
972.168765
972.268872
972.359270
972.378399
973.066527
973.519749
973.930906
974.388470
974.636360
974.676787
974.711767
975.496479
975.586345
976.408699
976.880763
977.340252
977.347502
977.356800
978.397184
978.406851
978.409349
979.315507
979.545580
981.573181
981.989949
983.473357
984.233124
986.567762
986.710057
986.925015
986.961592
986.991084
986.999931
987.636040
987.766415
987.847066
988.379914
988.390810
988.564808
988.589957
988.593480
988.595692
988.792177
988.975063
989.013729
989.035643
989.221110
989.289226
989.522698
989.710131
989.770424
989.803807
989.810729
990.108385
990.205829
990.649590
990.814536
991.182029
991.209390
991.291269
991.473664
991.745966
991.760835
992.646062
992.689029
994.028790
994.129224
994.216550
994.257306
995.039191
995.056108
995.072696
995.093012
995.299287
995.607593
995.653755
995.892265
995.935232
996.136632
996.259267
996.328243
996.391240
996.913398
997.037752
997.069496
998.006702
998.286131
998.641050
998.684221
999.187333
999.241605
999.604879
999.822213
999.867351
1000.139817
1000.518615
1001.336627
1001.526231
1001.671352
1001.724518
1002.119905
1002.361774
1002.368205
1002.656604
1002.673889
1002.677576
1002.679869
1003.051254
1003.281859
1003.316429
1004.214723
1004.222259
1004.226232
1004.549489
1004.558500
1004.563128
1005.130301
1005.438689
1005.627965
1005.673964
1005.681951
1005.686088
1005.918249
1006.037770
1006.349148
1007.341896
1007.473091
1007.922135
1008.083517
1008.095150
1008.098263
1008.477676
1008.505119
1009.184481
1009.307361
1009.492705
1009.698898
1009.863967
1010.173051
1010.449981
1010.912338
1010.975130
1011.323044
1011.471114
1011.482337
1012.586168
1012.669071
1012.961403
1013.324063
1014.021571
1014.431007
1014.515425
1014.958080
1015.512310
1015.792517
1015.977902
1017.474621
1017.486705
1017.490719
1017.949757
1018.162586
1018.199941
1018.213212
1018.215547
1018.280509
1019.083325
1019.358700
1019.395318
1019.688509
1019.740897
1020.035113
1020.044452
1020.048671
1020.260516
1020.619694
1020.725289
1021.245071
1022.956503
1023.192392
1023.849882
1023.879660
1024.154624
1024.597484
1025.161912
1025.774264
1025.839596
1026.725929
1027.223388
1027.236004
1027.238912
1029.098414
1029.112873
1029.457633
1029.486838
1029.827174
1029.849743
1030.219940
1031.237386
1031.632650
1032.201871
1032.341258
1033.496453
1033.678889
1033.854321
1033.917932
1035.128504
1035.579228
1035.593933
1036.094587
1036.573737
1037.702390
1038.089052
1039.355535
1040.016343
1040.181821
1041.386045
1042.596987
1042.610299
1042.941624
1043.029156
1043.272294
1045.460132
1045.475451
1045.478113
1047.344005
1048.381276
1049.039585
1049.046835
1049.053921
1049.140756
1049.183846
1049.187451
1049.190318
1049.473679
1049.498132
1049.547407
1049.555558
1049.567396
1049.919611
1050.452582
1051.840389
1051.847639
1052.048957
1053.011558
1053.531914
1053.534003
1053.624689
1053.736141
1055.262720
1056.317563
1056.592568
1056.620708
1056.733676
1056.736707
1056.782909
1056.794010
1056.930120
1056.947282
1056.964403
1057.029407
1057.103749
1057.126646
1057.129759
1057.139630
1057.217659
1057.296384
1057.450353
1057.608294
1057.651220
1057.867284
1058.190623
1058.655068
1059.062866
1059.109069
1059.513631
1059.544801
1059.632906
1060.079084
1060.238377
1060.431790
1060.475535
1060.550328
1060.574372
1060.577075
1060.663378
1060.868751
1060.977418
1061.098988
1061.317345
1062.007562
1062.201549
1062.614589
1062.650511
1063.090299
1063.392829
1063.672422
1063.679468
1063.921459
1063.948943
1064.001618
1064.272650
1064.278221
1064.547860
1065.395773
1065.501737
1065.749217
1065.855222
1065.941975
1066.248724
1066.421166
1066.435379
1066.439639
1066.847109
1067.777884
1067.858084
1067.864801
1067.900150
1068.298076
1069.422141
1069.693952
1070.174904
1070.184202
1072.645120
1072.725606
1073.492664
1073.725522
1073.898660
1073.924301
1074.092605
1074.649293
1074.658877
1074.667807
1074.945720
1075.465544
1076.354990
1077.820989
1078.175171
1078.189261
1078.194258
1078.465864
1078.599598
1078.915441
1078.922076
1079.726817
1079.754383
1081.046139
1081.580708
1082.348175
1083.061248
1083.457495
1083.540398
1085.386916
1085.576438
1085.813187
1085.985382
1086.410711
1086.747320
1087.147663
1088.286147
1088.302572
1088.407060
1088.869908
1089.469604
1089.493033
1089.524982
1089.536082
1089.634468
1089.816412
1089.871708
1090.231009
1090.307359
1090.498232
1090.582979
1090.821612
1091.566551
1092.040786
1092.595958
1092.751729
1092.800553
1093.561221
1093.795471
1094.036439
1094.266470
1094.568837
1094.601073
1095.429325
1095.440179
1095.442883
1095.644611
1095.674307
1095.830282
1097.812664
1098.229596
1098.295910
1099.708539
1099.962081
1100.373647
1100.936315
1100.987597
1101.071196
1101.104210
1102.545674
1102.667940
1102.672282
1102.870282
1102.942700
1102.954045
1102.970061
1103.010857
1103.580283
1104.496558
1105.537188
1105.968456
1106.212332
1106.413691
1106.431304
1106.437652
1106.874327
1106.881413
1107.002655
1107.183206
1107.592888
1107.629875
1107.780280
1108.136018
1108.158259
1108.822467
1109.569044
1109.940265
1110.213550
1110.414172
1110.888120
1111.283958
1111.429366
1112.361452
1112.521933
1112.673608
1112.733737
1112.740618
1113.211249
1113.384346
1113.438085
1113.652142
1113.670861
1113.852436
1113.885778
1114.156155
1114.287636
1114.295869
1114.301030
1114.303529
1114.315080
1114.568991
1114.668401
1114.945987
1114.968228
1114.980106
1114.999194
1115.249746
1115.367711
1116.242985
1117.007708
1117.188383
1117.213860
1117.217997
1118.489723
1118.559601
1118.946632
1119.127429
1119.145656
1119.533220
1119.575245
1119.666463
1120.964772
1120.997704
1121.490944
1121.606369
1121.644257
1121.649295
1122.112348
1122.142740
1122.899927
1123.451167
1123.463455
1123.617055
1123.754148
1123.850813
1124.299940
1125.284946
1125.955666
1126.320824
1126.424576
1126.497731
1126.607872
1126.660301
1126.911754
1127.011000
1127.022182
1127.031562
1127.528980
1127.594516
1127.703224
1127.755899
1128.052695
1128.220140
1128.393482
1129.579602
1129.609298
1129.729925
1130.048676
1130.491781
1130.585457
1131.246838
1131.486003
1131.920425
1132.200428
1132.963676
1132.987023
1133.137265
1133.341860
1133.523354
1133.552599
1133.559726
1133.881631
1133.900227
1134.397891
1134.492672
1134.713938
1134.909604
1134.929183
1134.932869
1135.283528
1135.685140
1135.782666
1135.801917
1136.401162
1136.886252
1136.898908
1137.326490
1137.354998
1137.730314
1137.840087
1138.579661
1138.690212
1138.828902
1138.889032
1139.489382
1139.617014
1139.649782
1139.667231
1140.004045
1140.046848
1140.064666
1140.076462
1140.855972
1141.228995
1141.489418
1141.564948
1141.771428
1141.800960
1141.974098
1142.941778
1143.375135
1143.387791
1143.850271
1143.872266
1144.178852
1144.248893
1144.554250
1144.649728
1144.691835
1144.702034
1145.527214
1147.078083
1147.653120
1147.723899
1147.749908
1148.135588
1148.214272
1148.307210
1148.342518
1148.715213
1149.148037
1149.268828
1149.641032
1150.388920
1150.418575
1150.422016
1151.281766
1151.305851
1151.309455
1151.593226
1151.632507
1151.839191
1151.885967
1152.085729
1152.279429
1152.357130
1152.409395
1152.424387
1152.428810
1152.778158
1152.950231
1153.044521
1153.608335
1153.804370
1154.182554
1154.573353
1154.736783
1154.920899
1155.000771
1155.321610
1156.313293
1156.469801
1156.691272
1156.988191
1156.994007
1157.226496
1157.675008
1157.800960
1157.932360
1158.450463
1158.623969
1158.805832
1158.993469
1159.305216
1159.530906
1160.103485
1161.527091
1161.700475
1161.728410
1162.055680
1162.261340
1162.844201
1163.693343
1164.212142
1164.507095
1167.110595
1167.263621
1168.473866
1169.208484
1169.377649
1169.849303
1170.075238
1170.325627
1170.520392
1172.006830
1173.365678
1173.456773
1174.082232
1174.560850
1174.572564
1174.575964
1176.143462
1176.556462
1177.217679
1178.019881
1178.192486
1178.363044
1178.560471
1178.779812
1178.960036
1179.270267
1179.903427
1180.384707
1180.424765
1180.739133
1180.744745
1180.758098
1181.765796
1181.851525
1182.099128
1182.608589
1183.331123
1183.928402
1183.942779
1183.945359
1185.064960
1185.242235
1185.459118
1185.609728
1185.857823
1185.965261
1186.262262
1186.322555
1186.517729
1187.850895
1187.888947
1188.371661
1189.972296
1191.576084
1191.969137
1192.038154
1192.345108
1192.435302
1193.061130
1193.551421
1194.917560
1198.408827
1198.983373
1202.363515
1202.785567
1203.015639
1203.203932
1203.208438
1203.513999
1204.084244
1204.226949
1204.274053
1205.060772
1205.815747
1206.331965
1206.540206
1208.592302
1209.044091
1209.570673
1211.944673
1211.959869
1211.962696
1211.965112
1213.788529
1213.947453
1214.132060
1214.153073
1214.156677
1215.337636
1215.651963
1216.139592
1216.149832
1216.152044
1216.403169
1216.420864
1216.481198
1216.491274
1216.823869
1217.776558
1218.979471
1219.431424
1219.532923
1219.751977
1220.091535
1220.114924
1220.123689
1220.543447
1221.319393
1221.523866
1221.719818
1222.046884
1222.083502
1222.311608
1222.406840
1222.708838
1223.393444
1225.844695
1226.058957
1226.348831
1226.499154
1227.505418
1230.684365
1230.989148
1231.453880
1235.298509
1235.465298
1235.965583
1237.194342
1237.431624
1238.158500
1238.849495
1239.156941
1239.171277
1240.054129
1240.091034
1240.898191
1241.633260
1242.674627
1243.102003
1243.540357
1244.892938
1246.166139
1246.211523
1246.518395
1246.983660
1247.652127
1248.007823
1248.024289
1248.246620
1248.370770
1249.073029
1249.336033
1249.530184
1251.221873
1254.674104
1254.677709
1254.685901
1256.926290
1257.484001
1257.503539
1257.507062
1257.860628
1257.909207
1258.577306
1258.770309
1258.781860
1258.788495
1258.797752
1260.350013
1260.367872
1260.881469
1261.080617
1261.223608
1261.477847
1261.489889
1261.492388
1261.715251
1262.079672
1263.091630
1263.952200
1263.961948
1264.691773
1268.627702
1271.118766
1271.412941
1271.846298
1272.239882
1272.520090
1272.760443
1273.171231
1274.332406
1274.344202
1274.503127
1275.387781
1276.323308
1276.553830
1278.167859
1279.405793
1279.905423
1279.957361
1280.215163
1280.571023
1280.823951
1280.990536
1281.056686
1281.207460
1281.545134
1281.642742
1282.283479
1282.415043
1282.470216
1282.495775
1282.512773
1282.515722
1282.535916
1282.558566
1282.790236
1282.987663
1283.363062
1284.755128
1285.147402
1285.917573
1286.006702
1286.031852
1286.184387
1286.203597
1286.222561
1286.224937
1286.281134
1286.294405
1286.361948
1286.694380
1286.701752
1286.771139
1287.264338
1287.781458
1287.787192
1287.790182
1287.966884
1288.383857
1288.396800
1288.796119
1288.807916
1288.960328
1289.086730
1289.406423
1289.936036
1290.775675
1294.033469
1295.418204
1295.422874
1295.427379
1295.577702
1296.429466
1296.432497
1297.268490
1297.408655
1298.704712
1298.904310
1298.984837
1298.991227
1299.011174
1299.310756
1299.666534
1299.885425
1300.010025
1300.214989
1300.402381
1300.477460
1300.647895
1300.701880
1300.734976
1300.864000
1300.877926
1300.883333
1301.123154
1301.292442
1301.442642
1301.722317
1301.761188
1301.762376
1301.957755
1302.366167
1302.455624
1302.707159
1302.726205
1302.986793
1303.100211
1303.287194
1303.616717
1304.056791
1304.083128
1304.788460
1304.832614
1304.931451
1305.174426
1305.493135
1305.697239
1305.780060
1305.829253
1305.838592
1305.840886
1306.241106
1306.360422
1308.381716
1308.470231
1308.856893
1309.026099
1309.069967
1309.822853
1310.102938
1311.036252
1311.196938
1311.279268
1311.347343
1311.382036
1311.443149
1311.798518
1311.959900
1313.758003
1314.128732
1314.786222
1314.882478
1315.144417
1315.156378
1315.509371
1316.577976
1316.863427
1316.948050
1318.155018
1318.178284
1318.579364
1318.594273
1319.440138
1319.720018
1319.849615
1320.125153
1320.137318
1320.143872
1320.412652
1320.523694
1320.665539
1321.001042
1321.415270
1321.460982
1321.914982
1322.166641
1322.175119
1322.242417
1322.456433
1322.896957
1323.006484
1323.433165
1323.488707
1323.672822
1324.415713
1324.584468
1325.657907
1325.727252
1325.815071
1326.029496
1326.736425
1326.997832
1327.080161
1327.199805
1327.212790
1327.272714
1327.429059
1327.439872
1327.445115
1327.892808
1327.914312
1327.919104
1328.441549
1329.380393
1329.387561
1329.391944
1329.564099
1329.860526
1329.973862
1330.004173
1330.038456
1330.235884
1330.436424
1330.606776
1331.825951
1331.987292
1332.153303
1332.490322
1332.561388
1332.601651
1332.611523
1332.622541
1333.408236
1333.761065
1334.386319
1334.520013
1335.447224
1335.518208
1335.519764
1337.160868
1338.191585
1338.564854
1338.962657
1339.190190
1341.703004
1341.714964
1341.720166
1342.148936
1342.154752
1342.633902
1370.007388
1370.014515
1370.017546
1370.323067
1370.335232
1370.337853
1371.166597
1371.650007
1371.696620
1371.965891
1372.753674
1372.930294
1375.913411
1375.987999
1376.264192
1377.674281
1377.792696
1378.352292
1379.792241
1381.094031
1381.255782
1381.610455
1382.021693
1383.096525
1383.179592
1383.480361
1384.469217
1384.664596
1385.188311
1385.650749
1385.892946
1387.298775
1387.382497
1387.389174
1387.391386
1387.560346
1387.829289
1388.125102
1388.381553
1388.384788
1388.387164
1388.997550
1389.077545
1392.785326
1392.790077
1393.441997
1394.517729
1396.657889
1396.682875
1396.921344
1397.784494
1398.301696
1398.526403
1398.630523
1398.642401
1398.800056
1398.806815
1399.114547
1400.252211
1401.843180
1401.937715
1402.048102
1402.053059
1402.058670
1402.674299
1403.117117
1403.722957
1404.449055
1404.459131
1404.461466
1404.753265
1405.629768
1406.119608
1406.580285
1406.585160
1407.479439
1407.762842
1407.980667
1408.392315
1411.397468
1413.140111
1417.247703
1417.681674
1418.548634
1419.039744
1419.830477
1422.212833
1424.851927
1427.151421
1430.843392
1432.660419
1433.163735
1433.370911
1434.389053
1436.448604
1437.194527
1437.329121
1437.491814
1437.765140
1438.320681
1440.729457
1441.404600
1441.440768
1442.065490
1442.069627
1442.072044
1443.304612
1443.817923
1445.066424
1445.175747
1445.341921
1446.690857
1449.002107
1449.824543
1451.412357
1451.791933
1452.033556
1452.254085
1452.378522
1452.619121
1453.448602
1454.744412
1455.801303
1456.573276
1456.854098
1457.724948
1458.194760
1460.779418
1461.301453
1463.162102
1463.405240
1463.871857
1464.536883
1465.424364
1467.808358
1468.944712
1469.405266
1469.819863
1469.869220
1470.154957
1471.195300
1475.978813
1476.103700
1476.393124
1476.401766
1476.403937
1476.409057
1476.827423
1477.637202
1477.839913
1478.810173
1479.211909
1479.637033
1480.836997
1481.105039
1484.466872
1484.621906
1484.744868
1484.751217
1484.757729
1484.769075
1484.814049
1486.120346
1486.593720
1487.037440
1488.057754
1491.807519
1493.173494
1493.292605
1494.160876
1494.625444
1495.600169
1496.753275
1497.498460
1497.665208
1500.648899
1501.271695
1503.682109
1503.927460
1504.189276
1504.736788
1505.681613
1505.964851
1506.987745
1507.334144
1508.868424
1508.869571
1509.122335
1509.483192
1510.052004
1510.076006
1510.501908
1510.656819
1510.716867
1511.354327
1512.051917
1515.503043
1515.766866
1516.690063
1517.181583
1518.354022
1519.213199
1519.862211
1519.891128
1520.048783
1520.992543
1522.985779
1524.189921
1525.193155
1526.546842
1527.493837
1527.599636
1528.525210
1528.727020
1529.418301
1529.912074
1530.100408
1530.144031
1530.933494
1530.940416
1532.800000
1533.112525
1535.119811
1535.127183
1535.131279
1536.734659
1536.986030
1537.149993
1538.095391
1538.773893
1538.963784
1538.973368
1539.296788
1539.321897
1539.357655
1539.454034
1540.105994
1541.356503
1541.550776
1542.442844
1542.899712
1543.168082
1544.800420
1544.880292
1546.333635
1547.031306
1549.042237
1549.126902
1552.159375
1553.220936
1554.708316
1555.221914
1555.404636
1556.164895
1556.688855
1557.726003
1558.005023
1558.670828
1560.042291
1560.659476
1560.970732
1562.417234
1563.266458
1563.272602
1564.000338
1564.089221
1564.679291
1566.407516
1569.638031
1570.262467
1570.284503
1571.082404
1571.810304
1572.409713
1573.189509
1573.597553
1573.628928
1575.199785
1575.218749
1575.250493
1575.548559
1575.954104
1576.475853
1576.519844
1576.616223
1576.747663
1576.798659
1577.493627
1577.840189
1579.248435
1579.322532
1579.389665
1579.962163
1580.243804
1582.096302
1582.398300
1583.634186
1583.971451
1584.499589
1584.769679
1584.935035
1587.353395
1588.135608
1588.144742
1588.146995
1588.279296
1588.837212
1589.222769
1590.824878
1591.838597
1592.011940
1593.536881
1594.696540
1595.412685
1595.526144
1595.794637
1596.229673
1599.698452
1600.663716
1600.920003
1601.425039
1601.812316
1602.026742
1602.519777
1603.351429
1605.229117
1606.188564
1606.673859
1610.737132
1611.523154
1611.906007
1612.756091
1612.761375
1612.763668
1612.771860
1613.169009
1613.819044
1613.835878
1613.839933
1614.170685
1614.232003
1614.824612
1615.262188
1615.269192
1615.898665
1615.932785
1616.016548
1616.183624
1618.173829
1618.627092
1618.964275
1619.253002
1620.898365
1621.085676
1621.515223
1622.812631
1623.123108
1623.451320
1623.887708
1624.070226
1624.578703
1625.135432
1627.058790
1627.620311
1628.595651
1629.827195
1631.668593
1632.770171
1633.353155
1633.481482
1634.421514
1635.079946
1635.459727
1637.917082
1638.806651
1639.456809
1640.297923
1640.901837
1646.067057
1646.333256
1651.709174
1651.954278
1652.732150
1652.883210
1653.601894
1654.920315
1656.423424
1656.763597
1657.551995
1658.530693
1659.561452
1659.585004
1660.920054
1661.884375
1662.170235
1664.995164
1666.290565
1666.317107
1666.543903
1666.550415
1666.556436
1667.122831
1667.218145
1668.454564
1669.447352
1669.763113
1670.157967
1671.126548
1672.902124
1674.926817
1675.175813
1675.418952
1675.422147
1676.885402
1676.897321
1676.899369
1677.524337
1677.614326
1677.759857
1677.777101
1678.073856
1678.082826
1678.335713
1679.454085
1679.540347
1680.193208
1681.299825
1681.316864
1681.319485
1682.028093
1682.295071
1682.714624
1683.172680
1683.578266
1684.380385
1686.221906
1688.254341
1688.258970
1688.927068
1689.547776
1689.981993
1689.989939
1690.004808
1690.731725
1691.262034
1691.836252
1692.289679
1692.774728
1692.928328
1693.268746
1693.276242
1693.483172
1693.979116
1694.276116
1694.355210
1694.627103
1695.074714
1695.369585
1695.380767
1695.384371
1695.388180
1695.843738
1696.088392
1696.694395
1698.067661
1698.167521
1698.502738
1700.835205
1700.870799
1702.079652
1702.973071
1702.993756
1703.615529
1705.769656
1706.950410
1707.162624
1708.076155
1709.718282
1711.514337
1712.088146
1713.425203
1713.610793
1714.419057
1714.429665
1714.820915
1715.070812
1715.477381
1715.874284
1716.934820
1717.821481
1718.697206
1719.947182
1723.551293
1723.737539
1723.742372
1724.042322
1724.402893
1724.785787
1726.000865
1726.229709
1726.232863
1726.506844
1728.150528
1728.247439
1728.653558
1728.791921
1730.440806
1730.445681
1730.448056
1730.450883
1731.351798
1732.033536
1732.427162
1733.450097
1734.611968
1734.778962
1734.815703
1735.041925
1735.358915
1736.334459
1736.575222
1736.887050
1737.284567
1737.540772
1738.705838
1738.815652
1738.895237
1739.403100
1739.406582
1739.408876
1740.519588
1742.253548
1742.284882
1742.639309
1743.011471
1743.166423
1743.192064
1743.396454
1745.866383
1746.613166
1747.639173
1747.843604
1747.853599
1747.857285
1748.417536
1748.424581
1748.460831
1748.495073
1749.262991
1749.925396
1751.130194
1751.802757
1751.998669
1752.766423
1753.244221
1753.253192
1753.259131
1754.232463
1754.685563
1754.752328
1754.766746
1754.773914
1755.029914
1755.038638
1755.040850
1755.223859
1755.912765
1756.007793
1756.021023
1756.025037
1756.028191
1756.615721
1756.674580
1756.785132
1757.240566
1757.452329
1757.645087
1758.280540
1758.575493
1758.796677
1759.426765
1760.151020
1761.200660
1761.649254
1762.055496
1762.450678
1766.045860
1766.125773
1768.902656
1769.030738
1769.833144
1769.845268
1770.639483
1771.586601
1771.589796
1772.476211
1772.826624
1772.832645
1772.837356
1772.852716
1773.237576
1774.650409
1774.860452
1775.190057
1776.343327
1776.695009
1776.915415
1777.205207
1777.716019
1778.156380
1778.298225
1779.069174
1780.165181
1780.864737
1781.769544
1783.529431
1784.815985
1786.249298
1787.318026
1788.116337
1789.517783
1789.540229
1789.841039
1791.841485
1794.088346
1795.082322
1797.149532
1797.184307
1798.788997
1799.080714
1800.619090
1801.392579
1804.364308
1807.203656
1808.124887
1809.713029
1811.744276
1812.521943
1813.246034
1814.332170
1814.336922
1817.160909
1817.351946
1817.840353
1817.854730
1819.176591
1819.627192
1820.181545
1826.264228
1826.545172
1830.567444
1831.168246
1831.770644
1832.986747
1835.413709
1835.838669
1836.250767
1836.763136
1837.001155
1837.227418
1837.442048
1837.487391
1837.646234
1838.099743
1839.201239
1840.752230
1841.330586
1841.548329
1842.089329
1843.147530
1845.302641
1845.392876
1846.145556
1846.173368
1846.368297
1847.060111
1847.991828
1849.650340
1849.699860
1849.724764
1851.194409
1851.574108
1851.590164
1852.085043
1853.652009
1854.208410
1854.321091
1854.652457
1855.406490
1855.415132
1857.404518
1857.676206
1858.056233
1858.110382
1859.473408
1859.720970
1859.959644
1861.187625
1861.672223
1861.966643
1862.432358
1863.926948
1864.450335
1866.827940
1867.327283
1867.370988
1867.435827
1867.619779
1867.917025
1868.341043
1868.386591
1869.283615
1869.848494
1869.974487
1870.883594
1871.120507
1871.175762
1871.963546
1875.034153
1875.170468
1876.445143
1878.634496
1880.695644
1882.934886
1885.346693
1885.614326
1885.768008
1887.055626
1887.066726
1887.519498
1887.671050
1888.358277
1888.511836
1888.885555
1889.150403
1889.167852
1890.410045
1892.689838
1893.702697
1893.796536
1894.759956
1895.744881
1897.121587
1900.643983
1900.845343
1900.848865
1904.059597
1905.904722
1907.510477
1907.558154
1908.326359
1909.164728
1909.966520
1912.381276
1913.589883
1914.338058
1914.405929
1914.469949
1915.063419
1916.913541
1917.629440
1918.839767
1919.895675
1920.159089
1921.452155
1922.485535
1923.137987
1923.434168
1923.607921
1924.740260
1926.098575
1926.207980
1928.879022
1931.493089
1931.750728
1934.329815
1935.165686
1936.833741
1938.009416
1940.972216
1941.879235
1944.325120
1945.724887
1946.318643
1947.722834
1948.638208
